1 12 #
1 12 1560.3931451612902 1076.931818181818
1 12 1709.0020161290322 1497.9545454545455
1 12 1733.7701612903224 1974.375
1 12 1750.282258064516 2428.636363636364
1 12 1808.0745967741937 3015.852272727273
1 12 1865.8669354838707 3381.477272727273
1 12 1948.4274193548385 3303.9204545454545
1 12 2006.219758064516 2705.625
1 12 1973.1955645161288 2162.727272727273
1 12 1841.0987903225805 1276.3636363636365
1 12 1709.0020161290322 1043.693181818182
1 12 1593.4173387096776 1065.8522727272725
2 15 #
2 15 1684.233870967742 1154.4886363636365
2 15 1874.1229838709678 1353.9204545454545
2 15 1898.891129032258 1852.5
2 15 2006.219758064516 2373.2386363636365
2 15 1981.4516129032259 2893.977272727273
2 15 2080.524193548387 3303.9204545454545
2 15 2154.828629032258 3569.829545454546
2 15 2303.4375 3680.625
2 15 2443.790322580645 3348.2386363636365
2 15 2534.6068548387098 2860.7386363636365
2 15 2518.094758064516 2229.2045454545455
2 15 2394.2540322580644 1774.943181818182
2 15 2179.5967741935483 1320.681818181818
2 15 1989.7076612903224 1132.3295454545455
2 15 1717.2580645161288 1132.3295454545455
3 13 #
3 13 1469.5766129032259 622.6704545454544
3 13 1543.8810483870966 866.4204545454544
3 13 1634.6975806451615 1243.125
3 13 1700.7459677419356 1763.8636363636365
3 13 1692.4899193548385 2118.409090909091
3 13 1791.5625 2461.875
3 13 1915.4032258064517 2650.227272727273
3 13 1973.1955645161288 2506.193181818182
3 13 2014.4758064516127 2007.6136363636365
3 13 1915.4032258064517 1597.6704545454545
3 13 1766.7943548387098 1121.25
3 13 1667.7217741935483 589.4318181818181
3 13 1469.5766129032259 611.5909090909091
4 16 #
4 16 1535.625 600.5113636363636
4 16 1576.905241935484 855.3409090909091
4 16 1618.1854838709678 1132.3295454545455
4 16 1659.4657258064517 1486.875
4 16 1709.0020161290322 1797.102272727273
4 16 1733.7701612903224 2195.965909090909
4 16 1766.7943548387098 2450.7954545454545
4 16 1808.0745967741937 2628.068181818182
4 16 1857.6108870967741 2749.943181818182
4 16 2030.9879032258063 2517.2727272727275
4 16 1964.9395161290322 2162.727272727273
4 16 1882.3790322580644 1664.1477272727275
4 16 1816.3306451612902 1143.409090909091
4 16 1750.282258064516 711.3068181818181
4 16 1667.7217741935483 511.8749999999999
4 16 1543.8810483870966 567.2727272727271
5 16 #
5 16 1519.1129032258063 611.5909090909091
5 16 1576.905241935484 811.0227272727271
5 16 1651.2096774193546 1143.409090909091
5 16 1692.4899193548385 1597.6704545454545
5 16 1758.5383064516127 1907.8977272727275
5 16 1849.3548387096776 2273.5227272727275
5 16 1956.6834677419356 2616.9886363636365
5 16 2030.9879032258063 2450.7954545454545
5 16 2030.9879032258063 2140.568181818182
5 16 2006.219758064516 1874.659090909091
5 16 1964.9395161290322 1509.034090909091
5 16 1890.635080645161 1132.3295454545455
5 16 1849.3548387096776 822.1022727272726
5 16 1766.7943548387098 600.5113636363636
5 16 1626.4415322580644 389.9999999999999
5 16 1527.368951612903 567.2727272727271
6 13 #
6 13 1634.6975806451615 855.3409090909091
6 13 1659.4657258064517 1132.3295454545455
6 13 1733.7701612903224 1531.193181818182
6 13 1783.306451612903 2074.090909090909
6 13 1824.5866935483868 2395.3977272727275
6 13 1857.6108870967741 2761.0227272727275
6 13 1989.7076612903224 3193.125
6 13 2064.0120967741937 3049.0909090909095
6 13 2138.3165322580644 2528.352272727273
6 13 2088.780241935484 1996.534090909091
6 13 1964.9395161290322 1365.0
6 13 1816.3306451612902 899.6590909090909
6 13 1659.4657258064517 844.2613636363636
7 14 #
7 14 1552.1370967741937 766.7045454545454
7 14 1593.4173387096776 988.2954545454544
7 14 1684.233870967742 1309.6022727272725
7 14 1709.0020161290322 1630.909090909091
7 14 1758.5383064516127 1952.215909090909
7 14 1808.0745967741937 2207.0454545454545
7 14 1841.0987903225805 2539.4318181818185
7 14 1874.1229838709678 2749.943181818182
7 14 2014.4758064516127 2694.5454545454545
7 14 2072.2681451612902 2229.2045454545455
7 14 2039.243951612903 1575.5113636363635
7 14 1915.4032258064517 1032.6136363636365
7 14 1799.8185483870966 788.8636363636364
7 14 1552.1370967741937 744.5454545454544
8 15 #
8 15 1428.296370967742 622.6704545454544
8 15 1494.344758064516 822.1022727272726
8 15 1560.3931451612902 1165.568181818182
8 15 1642.953629032258 1520.1136363636365
8 15 1725.5141129032259 1918.977272727273
8 15 1766.7943548387098 2251.3636363636365
8 15 1816.3306451612902 2506.193181818182
8 15 1890.635080645161 2783.1818181818185
8 15 2064.0120967741937 2417.5568181818185
8 15 1956.6834677419356 2051.9318181818185
8 15 1907.1471774193546 1597.6704545454545
8 15 1758.5383064516127 1021.5340909090909
8 15 1700.7459677419356 611.5909090909091
8 15 1527.368951612903 511.8749999999999
8 15 1436.5524193548385 578.3522727272726
9 22 #
9 22 2009.576612903226 204.54545454545456
9 22 2087.7016129032263 245.1298701298702
9 22 2143.145161290323 301.94805194805195
9 22 2221.270161290323 375.00000000000006
9 22 2294.3548387096776 537.3376623376623
9 22 2344.7580645161293 594.1558441558443
9 22 2377.520161290323 732.1428571428571
9 22 2427.9233870967746 886.3636363636365
9 22 2561.491935483871 951.2987012987014
9 22 2707.661290322581 975.6493506493507
9 22 2846.270161290323 951.2987012987014
9 22 2886.592741935484 813.3116883116884
9 22 2823.5887096774195 667.2077922077922
9 22 2690.020161290323 545.4545454545455
9 22 2561.491935483871 318.1818181818182
9 22 2445.5645161290327 204.54545454545456
9 22 2269.1532258064517 123.3766233766234
9 22 2087.7016129032263 99.02597402597411
9 22 2007.0564516129034 74.6753246753247
9 22 1956.653225806452 74.6753246753247
9 22 1918.8508064516132 115.25974025974034
9 22 2012.0967741935488 196.4285714285715
10 23 #
10 23 2092.741935483871 204.54545454545456
10 23 2185.987903225807 285.7142857142857
10 23 2281.754032258065 358.7662337662338
10 23 2359.879032258065 504.8701298701299
10 23 2420.362903225807 642.8571428571429
10 23 2460.685483870968 788.9610389610391
10 23 2488.4072580645166 1032.4675324675325
10 23 2511.0887096774195 1211.0389610389611
10 23 2548.8911290322585 1413.961038961039
10 23 2642.137096774194 1535.7142857142858
10 23 2838.709677419355 1592.5324675324678
10 23 2919.354838709678 1495.1298701298704
10 23 2959.677419354839 1357.1428571428573
10 23 2861.3911290322585 1024.3506493506495
10 23 2765.625 707.7922077922078
10 23 2667.3387096774195 480.5194805194806
10 23 2541.3306451612907 375.00000000000006
10 23 2440.5241935483873 188.31168831168833
10 23 2306.9556451612907 123.3766233766234
10 23 2178.427419354839 42.20779220779224
10 23 2100.302419354839 50.324675324675354
10 23 2059.9798387096776 107.14285714285717
10 23 2090.2217741935488 212.66233766233773
11 20 #
11 20 1933.9717741935488 139.61038961038963
11 20 2062.5000000000005 237.01298701298703
11 20 2185.987903225807 358.7662337662338
11 20 2299.395161290323 472.40259740259745
11 20 2367.4395161290327 602.2727272727273
11 20 2395.161290322581 845.7792207792209
11 20 2420.362903225807 1016.2337662337663
11 20 2546.3709677419356 1089.2857142857144
11 20 2707.661290322581 1089.2857142857144
11 20 2821.068548387097 1016.2337662337663
11 20 2873.991935483871 902.5974025974026
11 20 2740.4233870967746 707.7922077922078
11 20 2614.4153225806454 488.6363636363637
11 20 2533.770161290323 334.4155844155844
11 20 2422.8830645161293 147.7272727272728
11 20 2289.3145161290327 123.3766233766234
11 20 2135.584677419355 115.25974025974034
11 20 1994.4556451612907 115.25974025974034
11 20 1939.0120967741939 115.25974025974034
11 20 1928.9314516129034 131.49350649350657
12 20 #
12 20 1999.4959677419358 123.3766233766234
12 20 2100.302419354839 228.89610389610397
12 20 2208.66935483871 366.883116883117
12 20 2342.237903225807 569.8051948051948
12 20 2390.1209677419356 813.3116883116884
12 20 2440.5241935483873 959.4155844155846
12 20 2536.2903225806454 1000.0
12 20 2619.4556451612907 1105.5194805194806
12 20 2725.302419354839 1105.5194805194806
12 20 2828.629032258065 1000.0
12 20 2901.7137096774195 926.9480519480521
12 20 2823.5887096774195 715.909090909091
12 20 2715.2217741935488 496.75324675324686
12 20 2579.1330645161293 391.2337662337663
12 20 2463.2056451612907 253.24675324675326
12 20 2362.3991935483873 212.66233766233773
12 20 2254.0322580645166 139.61038961038963
12 20 2122.9838709677424 90.90909090909093
12 20 2037.2983870967746 99.02597402597411
12 20 1999.4959677419358 107.14285714285717
13 23 #
13 23 2039.818548387097 180.19480519480527
13 23 2135.584677419355 253.24675324675326
13 23 2226.310483870968 326.29870129870136
13 23 2299.395161290323 383.11688311688323
13 23 2352.318548387097 488.6363636363637
13 23 2415.3225806451615 732.1428571428571
13 23 2445.5645161290327 918.831168831169
13 23 2463.2056451612907 1137.987012987013
13 23 2501.0080645161293 1340.909090909091
13 23 2576.612903225807 1446.4285714285716
13 23 2659.7782258064517 1446.4285714285716
13 23 2795.866935483871 1446.4285714285716
13 23 2886.592741935484 1405.844155844156
13 23 2919.354838709678 1332.7922077922078
13 23 2936.9959677419356 1211.0389610389611
13 23 2848.7903225806454 894.4805194805197
13 23 2760.584677419355 667.2077922077922
13 23 2644.657258064516 431.8181818181819
13 23 2488.4072580645166 253.24675324675326
13 23 2299.395161290323 180.19480519480527
13 23 2150.7056451612907 90.90909090909093
13 23 2039.818548387097 90.90909090909093
13 23 2039.818548387097 204.54545454545456
14 21 #
14 21 1944.052419354839 147.7272727272728
14 21 2092.741935483871 204.54545454545456
14 21 2216.2298387096776 318.1818181818182
14 21 2309.475806451613 496.75324675324686
14 21 2382.560483870968 577.922077922078
14 21 2443.04435483871 829.5454545454545
14 21 2448.084677419355 1081.1688311688313
14 21 2566.5322580645166 1219.1558441558443
14 21 2700.100806451613 1219.1558441558443
14 21 2858.8709677419356 1178.5714285714287
14 21 2904.2338709677424 1048.7012987012988
14 21 2873.991935483871 805.1948051948052
14 21 2725.302419354839 610.3896103896104
14 21 2606.854838709678 439.935064935065
14 21 2518.6491935483873 326.29870129870136
14 21 2400.2016129032263 237.01298701298703
14 21 2289.3145161290327 155.84415584415586
14 21 2135.584677419355 123.3766233766234
14 21 2029.7379032258068 115.25974025974034
14 21 1949.0927419354841 115.25974025974034
14 21 1944.052419354839 163.96103896103904
15 23 #
15 23 2112.9032258064517 180.19480519480527
15 23 2248.991935483871 293.8311688311689
15 23 2364.91935483871 407.4675324675325
15 23 2432.9637096774195 512.987012987013
15 23 2493.4475806451615 659.0909090909092
15 23 2536.2903225806454 894.4805194805197
15 23 2548.8911290322585 1121.753246753247
15 23 2614.4153225806454 1308.4415584415585
15 23 2760.584677419355 1373.3766233766235
15 23 2891.6330645161293 1340.909090909091
15 23 2964.717741935484 1308.4415584415585
15 23 2982.3588709677424 1227.2727272727275
15 23 2984.879032258065 1048.7012987012988
15 23 2884.0725806451615 813.3116883116884
15 23 2818.5483870967746 521.1038961038962
15 23 2727.8225806451615 415.5844155844157
15 23 2664.818548387097 245.1298701298702
15 23 2574.092741935484 245.1298701298702
15 23 2465.725806451613 155.84415584415586
15 23 2327.116935483871 139.61038961038963
15 23 2228.8306451612907 131.49350649350657
15 23 2130.54435483871 115.25974025974034
15 23 2115.4233870967746 196.4285714285715
16 22 #
16 22 2072.5806451612907 163.96103896103904
16 22 2160.786290322581 237.01298701298703
16 22 2251.512096774194 293.8311688311689
16 22 2337.1975806451615 375.00000000000006
16 22 2407.762096774194 512.987012987013
16 22 2468.2459677419356 707.7922077922078
16 22 2501.0080645161293 935.0649350649351
16 22 2521.16935483871 1170.4545454545455
16 22 2581.6532258064517 1397.727272727273
16 22 2722.782258064516 1470.7792207792209
16 22 2861.3911290322585 1454.5454545454547
16 22 2936.9959677419356 1405.844155844156
16 22 2969.7580645161293 1251.6233766233768
16 22 2929.435483870968 1016.2337662337663
16 22 2826.1088709677424 756.4935064935066
16 22 2737.9032258064517 521.1038961038962
16 22 2589.2137096774195 310.0649350649351
16 22 2450.6048387096776 212.66233766233773
16 22 2311.9959677419356 131.49350649350657
16 22 2196.068548387097 90.90909090909093
16 22 2100.302419354839 82.79220779220782
16 22 2075.100806451613 163.96103896103904
17 24 #
17 24 2037.2983870967746 147.7272727272728
17 24 2133.0645161290327 253.24675324675326
17 24 2251.512096774194 350.64935064935077
17 24 2354.8387096774195 439.935064935065
17 24 2420.362903225807 545.4545454545455
17 24 2465.725806451613 650.9740259740261
17 24 2478.3266129032263 862.012987012987
17 24 2501.0080645161293 1073.051948051948
17 24 2546.3709677419356 1292.2077922077924
17 24 2642.137096774194 1332.7922077922078
17 24 2732.862903225807 1340.909090909091
17 24 2816.0282258064517 1340.909090909091
17 24 2894.1532258064517 1316.5584415584417
17 24 2939.5161290322585 1154.2207792207794
17 24 2889.112903225807 967.5324675324675
17 24 2760.584677419355 715.909090909091
17 24 2682.459677419355 504.8701298701299
17 24 2619.4556451612907 391.2337662337663
17 24 2518.6491935483873 285.7142857142857
17 24 2415.3225806451615 204.54545454545456
17 24 2286.79435483871 123.3766233766234
17 24 2160.786290322581 66.55844155844159
17 24 2067.5403225806454 99.02597402597411
17 24 2039.818548387097 147.7272727272728
18 20 #
18 20 1981.8548387096778 131.49350649350657
18 20 2120.4637096774195 220.7792207792208
18 20 2269.1532258064517 285.7142857142857
18 20 2405.241935483871 480.5194805194806
18 20 2458.1653225806454 594.1558441558443
18 20 2458.1653225806454 821.4285714285716
18 20 2488.4072580645166 1073.051948051948
18 20 2705.1411290322585 1137.987012987013
18 20 2846.270161290323 1113.6363636363637
18 20 2894.1532258064517 991.883116883117
18 20 2805.9475806451615 756.4935064935066
18 20 2697.5806451612907 529.2207792207794
18 20 2616.935483870968 326.29870129870136
18 20 2536.2903225806454 293.8311688311689
18 20 2468.2459677419356 196.4285714285715
18 20 2412.802419354839 155.84415584415586
18 20 2339.717741935484 131.49350649350657
18 20 2228.8306451612907 123.3766233766234
18 20 2090.2217741935488 99.02597402597411
18 20 1984.3750000000002 115.25974025974034
19 23 #
19 23 1933.9717741935488 318.1818181818182
19 23 1999.4959677419358 423.70129870129875
19 23 2075.100806451613 472.40259740259745
19 23 2148.185483870968 642.8571428571429
19 23 2206.1491935483873 797.077922077922
19 23 2246.4717741935488 894.4805194805197
19 23 2294.3548387096776 1032.4675324675325
19 23 2311.9959677419356 1194.805194805195
19 23 2337.1975806451615 1389.6103896103898
19 23 2352.318548387097 1600.6493506493507
19 23 2352.318548387097 1795.4545454545457
19 23 2498.487903225807 1868.5064935064936
19 23 2644.657258064516 1868.5064935064936
19 23 2747.9838709677424 1868.5064935064936
19 23 2805.9475806451615 1771.1038961038964
19 23 2672.379032258065 1324.6753246753249
19 23 2574.092741935484 951.2987012987014
19 23 2427.9233870967746 431.8181818181819
19 23 2286.79435483871 285.7142857142857
19 23 2090.2217741935488 155.84415584415586
19 23 1974.29435483871 147.7272727272728
19 23 1921.3709677419358 139.61038961038963
19 23 1928.9314516129034 326.29870129870136
20 22 #
20 22 1896.16935483871 253.24675324675326
20 22 2009.576612903226 334.4155844155844
20 22 2125.504032258065 529.2207792207794
20 22 2233.8709677419356 797.077922077922
20 22 2286.79435483871 1016.2337662337663
20 22 2324.5967741935488 1194.805194805195
20 22 2327.116935483871 1413.961038961039
20 22 2327.116935483871 1657.4675324675325
20 22 2337.1975806451615 1827.922077922078
20 22 2438.004032258065 1868.5064935064936
20 22 2586.693548387097 1941.558441558442
20 22 2662.2983870967746 1884.74025974026
20 22 2695.060483870968 1787.3376623376623
20 22 2619.4556451612907 1340.909090909091
20 22 2526.209677419355 870.1298701298701
20 22 2443.04435483871 529.2207792207794
20 22 2319.5564516129034 366.883116883117
20 22 2203.629032258065 220.7792207792208
20 22 2115.4233870967746 188.31168831168833
20 22 1976.8145161290327 139.61038961038963
20 22 1898.6895161290327 139.61038961038963
20 22 1896.16935483871 245.1298701298702
21 27 #
21 27 1933.9717741935488 212.66233766233773
21 27 2070.060483870968 358.7662337662338
21 27 2148.185483870968 472.40259740259745
21 27 2223.7903225806454 610.3896103896104
21 27 2264.112903225807 788.9610389610391
21 27 2306.9556451612907 935.0649350649351
21 27 2324.5967741935488 1105.5194805194806
21 27 2329.637096774194 1243.5064935064936
21 27 2337.1975806451615 1430.1948051948054
21 27 2339.717741935484 1568.1818181818182
21 27 2339.717741935484 1641.2337662337666
21 27 2354.8387096774195 1762.987012987013
21 27 2453.125 1884.74025974026
21 27 2581.6532258064517 1925.3246753246756
21 27 2679.939516129032 1900.9740259740263
21 27 2765.625 1852.2727272727273
21 27 2790.8266129032263 1771.1038961038964
21 27 2747.9838709677424 1413.961038961039
21 27 2702.6209677419356 1219.1558441558443
21 27 2616.935483870968 894.4805194805197
21 27 2548.8911290322585 569.8051948051948
21 27 2458.1653225806454 439.935064935065
21 27 2364.91935483871 277.59740259740266
21 27 2218.7500000000005 172.0779220779221
21 27 2075.100806451613 66.55844155844159
21 27 1964.2137096774197 107.14285714285717
21 27 1931.451612903226 228.89610389610397
22 24 #
22 24 2014.6169354838712 245.1298701298702
22 24 2163.3064516129034 423.70129870129875
22 24 2264.112903225807 529.2207792207794
22 24 2327.116935483871 634.7402597402597
22 24 2385.0806451612907 845.7792207792209
22 24 2422.8830645161293 1089.2857142857144
22 24 2443.04435483871 1340.909090909091
22 24 2458.1653225806454 1625.0000000000002
22 24 2465.725806451613 1811.688311688312
22 24 2541.3306451612907 1900.9740259740263
22 24 2649.6975806451615 1998.3766233766235
22 24 2758.064516129032 1990.2597402597405
22 24 2851.310483870968 1998.3766233766235
22 24 2914.314516129032 1925.3246753246756
22 24 2919.354838709678 1681.8181818181822
22 24 2818.5483870967746 1316.5584415584417
22 24 2735.3830645161293 991.883116883117
22 24 2652.217741935484 691.5584415584417
22 24 2551.411290322581 512.987012987013
22 24 2430.443548387097 358.7662337662338
22 24 2291.834677419355 245.1298701298702
22 24 2100.302419354839 196.4285714285715
22 24 2012.0967741935488 204.54545454545456
22 24 2014.6169354838712 237.01298701298703
23 24 #
23 24 1936.4919354838712 237.01298701298703
23 24 2070.060483870968 375.00000000000006
23 24 2216.2298387096776 537.3376623376623
23 24 2309.475806451613 715.909090909091
23 24 2369.959677419355 1000.0
23 24 2392.6411290322585 1284.0909090909092
23 24 2400.2016129032263 1584.4155844155846
23 24 2405.241935483871 1933.4415584415585
23 24 2470.7661290322585 2079.545454545455
23 24 2576.612903225807 2079.545454545455
23 24 2687.5 2152.597402597403
23 24 2785.786290322581 2079.545454545455
23 24 2841.229838709678 1868.5064935064936
23 24 2778.225806451613 1397.727272727273
23 24 2690.020161290323 1089.2857142857144
23 24 2627.0161290322585 748.3766233766235
23 24 2553.9314516129034 569.8051948051948
23 24 2425.4032258064517 334.4155844155844
23 24 2299.395161290323 269.4805194805195
23 24 2165.8266129032263 204.54545454545456
23 24 2062.5000000000005 131.49350649350657
23 24 1989.4153225806454 131.49350649350657
23 24 1949.0927419354841 188.31168831168833
23 24 1933.9717741935488 220.7792207792208
24 26 #
24 26 1961.693548387097 237.01298701298703
24 26 2077.6209677419356 318.1818181818182
24 26 2170.866935483871 439.935064935065
24 26 2226.310483870968 577.922077922078
24 26 2286.79435483871 740.2597402597403
24 26 2324.5967741935488 967.5324675324675
24 26 2357.3588709677424 1121.753246753247
24 26 2362.3991935483873 1357.1428571428573
24 26 2364.91935483871 1649.3506493506495
24 26 2412.802419354839 1852.2727272727273
24 26 2526.209677419355 1933.4415584415585
24 26 2649.6975806451615 1990.2597402597405
24 26 2808.467741935484 1990.2597402597405
24 26 2846.270161290323 1868.5064935064936
24 26 2795.866935483871 1543.831168831169
24 26 2737.9032258064517 1186.6883116883118
24 26 2682.459677419355 967.5324675324675
24 26 2596.7741935483873 715.909090909091
24 26 2538.810483870968 480.5194805194806
24 26 2483.366935483871 383.11688311688323
24 26 2412.802419354839 310.0649350649351
24 26 2309.475806451613 212.66233766233773
24 26 2213.709677419355 147.7272727272728
24 26 2100.302419354839 139.61038961038963
24 26 2002.0161290322585 139.61038961038963
24 26 1961.693548387097 220.7792207792208
25 25 #
25 25 1971.7741935483873 237.01298701298703
25 25 2110.3830645161293 423.70129870129875
25 25 2208.66935483871 586.0389610389611
25 25 2276.7137096774195 780.8441558441559
25 25 2314.5161290322585 1016.2337662337663
25 25 2347.2782258064517 1275.974025974026
25 25 2349.7983870967746 1600.6493506493507
25 25 2364.91935483871 1827.922077922078
25 25 2382.560483870968 2063.3116883116886
25 25 2475.8064516129034 2193.1818181818185
25 25 2579.1330645161293 2217.532467532468
25 25 2682.459677419355 2176.9480519480526
25 25 2775.7056451612907 2063.3116883116886
25 25 2808.467741935484 1949.6753246753249
25 25 2737.9032258064517 1487.0129870129872
25 25 2690.020161290323 1137.987012987013
25 25 2644.657258064516 862.012987012987
25 25 2584.1733870967746 610.3896103896104
25 25 2506.0483870967746 423.70129870129875
25 25 2420.362903225807 301.94805194805195
25 25 2332.1572580645166 155.84415584415586
25 25 2218.7500000000005 123.3766233766234
25 25 2059.9798387096776 50.324675324675354
25 25 1989.4153225806454 155.84415584415586
25 25 1966.7338709677422 253.24675324675326
26 22 #
26 22 1971.7741935483873 245.1298701298702
26 22 2065.020161290323 383.11688311688323
26 22 2180.9475806451615 496.75324675324686
26 22 2289.3145161290327 756.4935064935066
26 22 2334.677419354839 1048.7012987012988
26 22 2357.3588709677424 1373.3766233766235
26 22 2377.520161290323 1633.1168831168832
26 22 2382.560483870968 1917.2077922077926
26 22 2503.5282258064517 2038.961038961039
26 22 2722.782258064516 2095.7792207792213
26 22 2851.310483870968 2063.3116883116886
26 22 2868.9516129032263 1868.5064935064936
26 22 2803.427419354839 1454.5454545454547
26 22 2730.342741935484 1186.6883116883118
26 22 2659.7782258064517 821.4285714285716
26 22 2553.9314516129034 545.4545454545455
26 22 2438.004032258065 391.2337662337663
26 22 2327.116935483871 285.7142857142857
26 22 2256.552419354839 237.01298701298703
26 22 2140.6250000000005 228.89610389610397
26 22 2012.0967741935488 147.7272727272728
26 22 1971.7741935483873 245.1298701298702
27 26 #
27 26 1966.7338709677422 237.01298701298703
27 26 2054.9395161290327 350.64935064935077
27 26 2165.8266129032263 512.987012987013
27 26 2251.512096774194 642.8571428571429
27 26 2299.395161290323 788.9610389610391
27 26 2337.1975806451615 1089.2857142857144
27 26 2347.2782258064517 1381.4935064935066
27 26 2349.7983870967746 1576.2987012987014
27 26 2352.318548387097 1795.4545454545457
27 26 2377.520161290323 1909.0909090909092
27 26 2440.5241935483873 1949.6753246753249
27 26 2516.129032258065 1990.2597402597405
27 26 2601.814516129032 1990.2597402597405
27 26 2695.060483870968 1982.1428571428576
27 26 2768.145161290323 1925.3246753246756
27 26 2788.3064516129034 1803.5714285714287
27 26 2742.943548387097 1487.0129870129872
27 26 2669.8588709677424 1121.753246753247
27 26 2599.29435483871 829.5454545454545
27 26 2531.25 602.2727272727273
27 26 2450.6048387096776 448.05194805194816
27 26 2375.0000000000005 358.7662337662338
27 26 2276.7137096774195 245.1298701298702
27 26 2158.2661290322585 139.61038961038963
27 26 2054.9395161290327 139.61038961038963
27 26 1964.2137096774197 237.01298701298703
28 28 #
28 28 2012.0967741935488 269.4805194805195
28 28 2105.342741935484 391.2337662337663
28 28 2185.987903225807 504.8701298701299
28 28 2274.193548387097 764.6103896103896
28 28 2334.677419354839 1040.5844155844156
28 28 2362.3991935483873 1194.805194805195
28 28 2369.959677419355 1503.2467532467533
28 28 2377.520161290323 1762.987012987013
28 28 2377.520161290323 1949.6753246753249
28 28 2485.887096774194 2038.961038961039
28 28 2586.693548387097 2079.545454545455
28 28 2677.41935483871 2079.545454545455
28 28 2755.54435483871 2038.961038961039
28 28 2760.584677419355 1795.4545454545457
28 28 2745.4637096774195 1560.0649350649353
28 28 2700.100806451613 1300.3246753246754
28 28 2677.41935483871 1154.2207792207794
28 28 2647.177419354839 991.883116883117
28 28 2606.854838709678 772.7272727272727
28 28 2571.5725806451615 626.6233766233768
28 28 2518.6491935483873 512.987012987013
28 28 2458.1653225806454 399.35064935064946
28 28 2390.1209677419356 269.4805194805195
28 28 2296.8750000000005 172.0779220779221
28 28 2185.987903225807 147.7272727272728
28 28 2095.262096774194 139.61038961038963
28 28 2029.7379032258068 147.7272727272728
28 28 2014.6169354838712 277.59740259740266
29 21 #
29 21 1936.4919354838712 253.24675324675326
29 21 2059.9798387096776 350.64935064935077
29 21 2143.145161290323 521.1038961038962
29 21 2269.1532258064517 878.2467532467533
29 21 2304.435483870968 1227.2727272727275
29 21 2306.9556451612907 1478.896103896104
29 21 2291.834677419355 1714.2857142857144
29 21 2347.2782258064517 1909.0909090909092
29 21 2478.3266129032263 1909.0909090909092
29 21 2632.0564516129034 1909.0909090909092
29 21 2717.741935483871 1868.5064935064936
29 21 2755.54435483871 1681.8181818181822
29 21 2707.661290322581 1430.1948051948054
29 21 2639.616935483871 1073.051948051948
29 21 2551.411290322581 772.7272727272727
29 21 2443.04435483871 472.40259740259745
29 21 2342.237903225807 310.0649350649351
29 21 2238.911290322581 237.01298701298703
29 21 2128.0241935483873 204.54545454545456
29 21 2002.0161290322585 188.31168831168833
29 21 1941.5322580645166 245.1298701298702
30 26 #
30 26 1966.7338709677422 220.7792207792208
30 26 2062.5000000000005 326.29870129870136
30 26 2180.9475806451615 504.8701298701299
30 26 2286.79435483871 748.3766233766235
30 26 2339.717741935484 1073.051948051948
30 26 2364.91935483871 1397.727272727273
30 26 2364.91935483871 1608.7662337662339
30 26 2357.3588709677424 1803.5714285714287
30 26 2385.0806451612907 1965.9090909090912
30 26 2574.092741935484 2095.7792207792213
30 26 2657.2580645161293 2095.7792207792213
30 26 2747.9838709677424 2071.428571428572
30 26 2805.9475806451615 2014.6103896103898
30 26 2803.427419354839 1803.5714285714287
30 26 2773.185483870968 1519.4805194805197
30 26 2740.4233870967746 1251.6233766233768
30 26 2720.262096774194 1056.818181818182
30 26 2692.5403225806454 910.7142857142858
30 26 2632.0564516129034 691.5584415584417
30 26 2576.612903225807 545.4545454545455
30 26 2470.7661290322585 399.35064935064946
30 26 2347.2782258064517 253.24675324675326
30 26 2233.8709677419356 147.7272727272728
30 26 2090.2217741935488 107.14285714285717
30 26 1991.935483870968 107.14285714285717
30 26 1964.2137096774197 228.89610389610397
31 28 #
31 28 2062.5000000000005 366.883116883117
31 28 2128.0241935483873 439.935064935065
31 28 2196.068548387097 561.6883116883118
31 28 2281.754032258065 683.4415584415585
31 28 2327.116935483871 821.4285714285716
31 28 2372.4798387096776 1016.2337662337663
31 28 2372.4798387096776 1259.74025974026
31 28 2372.4798387096776 1511.3636363636365
31 28 2375.0000000000005 1665.5844155844159
31 28 2395.161290322581 1941.558441558442
31 28 2455.645161290323 2047.0779220779225
31 28 2574.092741935484 2095.7792207792213
31 28 2657.2580645161293 2087.662337662338
31 28 2737.9032258064517 2063.3116883116886
31 28 2790.8266129032263 1990.2597402597405
31 28 2818.5483870967746 1819.805194805195
31 28 2768.145161290323 1568.1818181818182
31 28 2707.661290322581 1259.74025974026
31 28 2682.459677419355 1073.051948051948
31 28 2627.0161290322585 853.896103896104
31 28 2579.1330645161293 642.8571428571429
31 28 2503.5282258064517 448.05194805194816
31 28 2405.241935483871 358.7662337662338
31 28 2301.9153225806454 285.7142857142857
31 28 2196.068548387097 228.89610389610397
31 28 2105.342741935484 228.89610389610397
31 28 2039.818548387097 220.7792207792208
31 28 2057.459677419355 375.00000000000006
32 27 #
32 27 1994.4556451612907 301.94805194805195
32 27 2080.1411290322585 399.35064935064946
32 27 2173.387096774194 488.6363636363637
32 27 2223.7903225806454 594.1558441558443
32 27 2284.2741935483873 788.9610389610391
32 27 2319.5564516129034 1154.2207792207794
32 27 2342.237903225807 1625.0000000000002
32 27 2354.8387096774195 1868.5064935064936
32 27 2357.3588709677424 1982.1428571428576
32 27 2390.1209677419356 2063.3116883116886
32 27 2455.645161290323 2120.1298701298706
32 27 2591.7338709677424 2136.363636363637
32 27 2710.1814516129034 2136.363636363637
32 27 2750.504032258065 2055.1948051948057
32 27 2755.54435483871 1876.623376623377
32 27 2730.342741935484 1616.883116883117
32 27 2695.060483870968 1381.4935064935066
32 27 2654.737903225807 1073.051948051948
32 27 2599.29435483871 902.5974025974026
32 27 2571.5725806451615 642.8571428571429
32 27 2541.3306451612907 553.5714285714287
32 27 2453.125 415.5844155844157
32 27 2354.8387096774195 261.36363636363643
32 27 2241.4314516129034 188.31168831168833
32 27 2125.504032258065 147.7272727272728
32 27 2024.6975806451617 147.7272727272728
32 27 1989.4153225806454 301.94805194805195
33 26 #
33 26 2211.8951612903224 220.7792207792208
33 26 2317.137096774193 318.1818181818182
33 26 2422.3790322580644 431.8181818181819
33 26 2504.233870967742 618.5064935064936
33 26 2559.7782258064517 764.6103896103896
33 26 2600.7056451612902 894.4805194805197
33 26 2632.8629032258063 1137.987012987013
33 26 2638.7096774193546 1284.0909090909092
33 26 2641.633064516129 1422.0779220779223
33 26 2670.8669354838707 1584.4155844155846
33 26 2761.4919354838707 1616.883116883117
33 26 2852.1169354838707 1625.0000000000002
33 26 2916.4314516129034 1625.0000000000002
33 26 3009.979838709677 1584.4155844155846
33 26 3036.290322580645 1495.1298701298704
33 26 3009.979838709677 1284.0909090909092
33 26 2931.048387096774 1064.935064935065
33 26 2869.657258064516 862.012987012987
33 26 2799.4959677419356 634.7402597402597
33 26 2700.1008064516127 448.05194805194816
33 26 2600.7056451612902 334.4155844155844
33 26 2486.6935483870966 253.24675324675326
33 26 2396.0685483870966 220.7792207792208
33 26 2314.2137096774195 180.19480519480527
33 26 2220.665322580645 172.0779220779221
33 26 2214.8185483870966 228.89610389610397
34 28 #
34 28 2179.7379032258063 196.4285714285715
34 28 2252.822580645161 293.8311688311689
34 28 2352.217741935484 391.2337662337663
34 28 2431.149193548387 480.5194805194806
34 28 2533.467741935484 561.6883116883118
34 28 2577.3185483870966 683.4415584415585
34 28 2597.782258064516 853.896103896104
34 28 2612.3991935483873 1113.6363636363637
34 28 2615.322580645161 1243.5064935064936
34 28 2638.7096774193546 1413.961038961039
34 28 2726.4112903225805 1446.4285714285716
34 28 2831.6532258064517 1446.4285714285716
34 28 2913.508064516129 1446.4285714285716
34 28 2971.9758064516127 1438.3116883116884
34 28 3021.673387096774 1413.961038961039
34 28 3039.2137096774195 1316.5584415584417
34 28 3021.673387096774 1121.753246753247
34 28 2957.3588709677415 943.1818181818182
34 28 2890.1209677419356 683.4415584415585
34 28 2793.649193548387 521.1038961038962
34 28 2688.407258064516 318.1818181818182
34 28 2612.3991935483873 293.8311688311689
34 28 2530.5443548387093 269.4805194805195
34 28 2425.3024193548385 155.84415584415586
34 28 2352.217741935484 123.3766233766234
34 28 2270.3629032258063 115.25974025974034
34 28 2197.2782258064517 115.25974025974034
34 28 2185.5846774193546 204.54545454545456
35 23 #
35 23 2135.887096774193 155.84415584415586
35 23 2258.6693548387093 253.24675324675326
35 23 2375.604838709677 350.64935064935077
35 23 2501.310483870968 537.3376623376623
35 23 2580.2419354838707 756.4935064935066
35 23 2597.782258064516 1073.051948051948
35 23 2603.6290322580644 1349.0259740259742
35 23 2641.633064516129 1438.3116883116884
35 23 2767.3387096774195 1487.0129870129872
35 23 2907.6612903225805 1487.0129870129872
35 23 2995.3629032258063 1397.727272727273
35 23 2989.5161290322576 1089.2857142857144
35 23 2936.8951612903224 926.9480519480521
35 23 2857.9637096774195 699.6753246753246
35 23 2776.1088709677415 521.1038961038962
35 23 2688.407258064516 423.70129870129875
35 23 2618.2459677419356 293.8311688311689
35 23 2527.6209677419356 196.4285714285715
35 23 2416.532258064516 163.96103896103904
35 23 2325.907258064516 155.84415584415586
35 23 2249.899193548387 147.7272727272728
35 23 2179.7379032258063 123.3766233766234
35 23 2138.810483870968 139.61038961038963
36 23 #
36 23 2223.5887096774195 228.89610389610397
36 23 2331.7540322580644 334.4155844155844
36 23 2457.4596774193546 472.40259740259745
36 23 2589.012096774193 724.0259740259742
36 23 2659.173387096774 1040.5844155844156
36 23 2670.8669354838707 1316.5584415584417
36 23 2688.407258064516 1576.2987012987014
36 23 2846.2701612903224 1584.4155844155846
36 23 3001.2096774193546 1633.1168831168832
36 23 3068.447580645161 1576.2987012987014
36 23 3088.9112903225805 1413.961038961039
36 23 3042.137096774193 1097.4025974025974
36 23 3004.133064516129 870.1298701298701
36 23 2919.354838709677 659.0909090909092
36 23 2825.8064516129034 472.40259740259745
36 23 2723.4879032258063 358.7662337662338
36 23 2624.092741935484 293.8311688311689
36 23 2545.1612903225805 237.01298701298703
36 23 2463.306451612903 188.31168831168833
36 23 2343.447580645161 115.25974025974034
36 23 2267.439516129032 115.25974025974034
36 23 2226.512096774193 115.25974025974034
36 23 2226.512096774193 220.7792207792208
37 21 #
37 21 2208.9717741935483 204.54545454545456
37 21 2355.141129032258 301.94805194805195
37 21 2498.387096774193 399.35064935064946
37 21 2589.012096774193 586.0389610389611
37 21 2650.4032258064517 821.4285714285716
37 21 2665.0201612903224 1064.935064935065
37 21 2682.560483870968 1243.5064935064936
37 21 2752.7217741935483 1413.961038961039
37 21 2843.3467741935483 1413.961038961039
37 21 3012.9032258064517 1413.961038961039
37 21 3085.9879032258063 1365.2597402597403
37 21 3088.9112903225805 1202.922077922078
37 21 3042.137096774193 878.2467532467533
37 21 2963.2056451612902 691.5584415584417
37 21 2846.2701612903224 464.2857142857144
37 21 2752.7217741935483 350.64935064935077
37 21 2606.5524193548385 220.7792207792208
37 21 2480.8467741935483 172.0779220779221
37 21 2349.2943548387093 115.25974025974034
37 21 2244.0524193548385 115.25974025974034
37 21 2208.9717741935483 212.66233766233773
38 21 #
38 21 2065.7258064516127 261.36363636363643
38 21 2200.2016129032254 326.29870129870136
38 21 2328.8306451612902 480.5194805194806
38 21 2378.5282258064517 626.6233766233768
38 21 2413.608870967742 805.1948051948052
38 21 2419.4556451612902 1016.2337662337663
38 21 2439.9193548387093 1300.3246753246754
38 21 2492.540322580645 1422.0779220779223
38 21 2615.322580645161 1462.662337662338
38 21 2723.4879032258063 1462.662337662338
38 21 2834.5766129032254 1454.5454545454547
38 21 2878.4274193548385 1397.727272727273
38 21 2846.2701612903224 975.6493506493507
38 21 2729.3346774193546 724.0259740259742
38 21 2650.4032258064517 521.1038961038962
38 21 2553.9314516129034 366.883116883117
38 21 2434.072580645161 220.7792207792208
38 21 2320.060483870968 204.54545454545456
38 21 2203.125 147.7272727272728
38 21 2106.6532258064517 147.7272727272728
38 21 2056.9556451612902 253.24675324675326
39 23 #
39 23 2246.9758064516127 277.59740259740266
39 23 2390.2217741935483 383.11688311688323
39 23 2469.1532258064517 504.8701298701299
39 23 2539.314516129032 667.2077922077922
39 23 2580.2419354838707 821.4285714285716
39 23 2624.092741935484 975.6493506493507
39 23 2665.0201612903224 1219.1558441558443
39 23 2682.560483870968 1389.6103896103898
39 23 2688.407258064516 1503.2467532467533
39 23 2732.258064516129 1592.5324675324678
39 23 2852.1169354838707 1608.7662337662339
39 23 3027.5201612903224 1608.7662337662339
39 23 3097.6814516129034 1543.831168831169
39 23 3097.6814516129034 1332.7922077922078
39 23 2995.3629032258063 1008.1168831168832
39 23 2951.512096774193 821.4285714285716
39 23 2884.274193548387 650.9740259740261
39 23 2805.342741935484 472.40259740259745
39 23 2667.9435483870966 334.4155844155844
39 23 2551.008064516129 228.89610389610397
39 23 2416.532258064516 163.96103896103904
39 23 2290.8266129032254 147.7272727272728
39 23 2246.9758064516127 261.36363636363643
40 21 #
40 21 2097.883064516129 172.0779220779221
40 21 2208.9717741935483 261.36363636363643
40 21 2363.9112903225805 366.883116883117
40 21 2483.7701612903224 577.922077922078
40 21 2565.625 837.6623376623377
40 21 2603.6290322580644 1194.805194805195
40 21 2612.3991935483873 1389.6103896103898
40 21 2726.4112903225805 1487.0129870129872
40 21 2890.1209677419356 1495.1298701298704
40 21 3007.0564516129034 1495.1298701298704
40 21 3036.290322580645 1365.2597402597403
40 21 2983.6693548387093 1032.4675324675325
40 21 2872.5806451612902 732.1428571428571
40 21 2787.8024193548385 602.2727272727273
40 21 2679.637096774193 350.64935064935077
40 21 2565.625 253.24675324675326
40 21 2419.4556451612902 180.19480519480527
40 21 2273.2862903225805 131.49350649350657
40 21 2173.891129032258 107.14285714285717
40 21 2115.423387096774 107.14285714285717
40 21 2094.9596774193546 155.84415584415586
41 21 #
41 21 2208.9717741935483 220.7792207792208
41 21 2355.141129032258 350.64935064935077
41 21 2472.0766129032254 512.987012987013
41 21 2565.625 650.9740259740261
41 21 2638.7096774193546 878.2467532467533
41 21 2656.25 1097.4025974025974
41 21 2667.9435483870966 1357.1428571428573
41 21 2703.0241935483873 1454.5454545454547
41 21 2799.4959677419356 1470.7792207792209
41 21 2948.5887096774195 1470.7792207792209
41 21 3024.5967741935483 1438.3116883116884
41 21 3053.8306451612902 1357.1428571428573
41 21 2963.2056451612902 1024.3506493506495
41 21 2855.040322580645 691.5584415584417
41 21 2787.8024193548385 488.6363636363637
41 21 2703.0241935483873 415.5844155844157
41 21 2594.8588709677415 318.1818181818182
41 21 2501.310483870968 261.36363636363643
41 21 2360.9879032258063 180.19480519480527
41 21 2244.0524193548385 131.49350649350657
41 21 2208.9717741935483 212.66233766233773
42 21 #
42 21 2016.0282258064515 228.89610389610397
42 21 2144.657258064516 277.59740259740266
42 21 2261.592741935484 383.11688311688323
42 21 2349.2943548387093 496.75324675324686
42 21 2451.6129032258063 813.3116883116884
42 21 2492.540322580645 1146.1038961038962
42 21 2492.540322580645 1446.4285714285716
42 21 2527.6209677419356 1527.5974025974028
42 21 2638.7096774193546 1551.9480519480521
42 21 2779.032258064516 1576.2987012987014
42 21 2840.423387096774 1535.7142857142858
42 21 2840.423387096774 1340.909090909091
42 21 2799.4959677419356 1097.4025974025974
42 21 2729.3346774193546 813.3116883116884
42 21 2644.5564516129034 561.6883116883118
42 21 2565.625 358.7662337662338
42 21 2472.0766129032254 285.7142857142857
42 21 2360.9879032258063 212.66233766233773
42 21 2241.1290322580644 204.54545454545456
42 21 2071.572580645161 115.25974025974034
42 21 2018.9516129032256 228.89610389610397
43 21 #
43 21 2059.8790322580644 204.54545454545456
43 21 2188.508064516129 310.0649350649351
43 21 2305.4435483870966 456.1688311688312
43 21 2393.1451612903224 594.1558441558443
43 21 2419.4556451612902 788.9610389610391
43 21 2439.9193548387093 1024.3506493506495
43 21 2442.842741935484 1267.857142857143
43 21 2483.7701612903224 1357.1428571428573
43 21 2594.8588709677415 1478.896103896104
43 21 2688.407258064516 1478.896103896104
43 21 2831.6532258064517 1454.5454545454547
43 21 2895.967741935484 1365.2597402597403
43 21 2831.6532258064517 1064.935064935065
43 21 2729.3346774193546 699.6753246753246
43 21 2612.3991935483873 366.883116883117
43 21 2489.6169354838707 212.66233766233773
43 21 2398.9919354838707 163.96103896103904
43 21 2302.5201612903224 147.7272727272728
43 21 2188.508064516129 139.61038961038963
43 21 2106.6532258064517 147.7272727272728
43 21 2056.9556451612902 188.31168831168833
44 24 #
44 24 1972.1774193548385 180.19480519480527
44 24 2094.9596774193546 326.29870129870136
44 24 2200.2016129032254 423.70129870129875
44 24 2296.673387096774 521.1038961038962
44 24 2358.064516129032 724.0259740259742
44 24 2369.758064516129 870.1298701298701
44 24 2407.762096774193 1129.87012987013
44 24 2428.2258064516127 1308.4415584415585
44 24 2524.697580645161 1389.6103896103898
44 24 2653.3266129032254 1422.0779220779223
44 24 2746.875 1389.6103896103898
44 24 2790.7258064516127 1316.5584415584417
44 24 2790.7258064516127 1202.922077922078
44 24 2761.4919354838707 1000.0
44 24 2659.173387096774 715.909090909091
44 24 2603.6290322580644 553.5714285714287
44 24 2551.008064516129 423.70129870129875
44 24 2504.233870967742 334.4155844155844
44 24 2425.3024193548385 261.36363636363643
44 24 2317.137096774193 139.61038961038963
44 24 2211.8951612903224 155.84415584415586
44 24 2097.883064516129 123.3766233766234
44 24 2004.3346774193546 123.3766233766234
44 24 1960.483870967742 180.19480519480527
45 25 #
45 25 2089.1129032258063 228.89610389610397
45 25 2200.2016129032254 350.64935064935077
45 25 2302.5201612903224 439.935064935065
45 25 2366.8346774193546 586.0389610389611
45 25 2404.8387096774195 724.0259740259742
45 25 2425.3024193548385 918.831168831169
45 25 2460.383064516129 1056.818181818182
45 25 2460.383064516129 1259.74025974026
45 25 2477.923387096774 1349.0259740259742
45 25 2530.5443548387093 1413.961038961039
45 25 2644.5564516129034 1519.4805194805197
45 25 2779.032258064516 1527.5974025974028
45 25 2843.3467741935483 1413.961038961039
45 25 2840.423387096774 1219.1558441558443
45 25 2776.1088709677415 1008.1168831168832
45 25 2720.564516129032 845.7792207792209
45 25 2670.8669354838707 659.0909090909092
45 25 2600.7056451612902 504.8701298701299
45 25 2536.391129032258 472.40259740259745
45 25 2422.3790322580644 326.29870129870136
45 25 2363.9112903225805 245.1298701298702
45 25 2267.439516129032 196.4285714285715
45 25 2179.7379032258063 188.31168831168833
45 25 2100.806451612903 196.4285714285715
45 25 2089.1129032258063 220.7792207792208
46 24 #
46 24 2173.891129032258 228.89610389610397
46 24 2246.9758064516127 285.7142857142857
46 24 2340.524193548387 350.64935064935077
46 24 2448.689516129032 488.6363636363637
46 24 2533.467741935484 675.3246753246754
46 24 2559.7782258064517 878.2467532467533
46 24 2571.4717741935483 1040.5844155844156
46 24 2594.8588709677415 1178.5714285714287
46 24 2665.0201612903224 1332.7922077922078
46 24 2743.9516129032254 1332.7922077922078
46 24 2872.5806451612902 1316.5584415584417
46 24 2948.5887096774195 1275.974025974026
46 24 3004.133064516129 1113.6363636363637
46 24 2963.2056451612902 902.5974025974026
46 24 2869.657258064516 642.8571428571429
46 24 2799.4959677419356 529.2207792207794
46 24 2743.9516129032254 423.70129870129875
46 24 2641.633064516129 277.59740259740266
46 24 2518.8508064516127 237.01298701298703
46 24 2396.0685483870966 180.19480519480527
46 24 2299.5967741935483 131.49350649350657
46 24 2208.9717741935483 131.49350649350657
46 24 2124.1935483870966 131.49350649350657
46 24 2170.967741935484 245.1298701298702
47 22 #
47 22 1975.1008064516127 180.19480519480527
47 22 2056.9556451612902 253.24675324675326
47 22 2165.1209677419356 415.5844155844157
47 22 2258.6693548387093 577.922077922078
47 22 2299.5967741935483 724.0259740259742
47 22 2340.524193548387 951.2987012987014
47 22 2343.447580645161 1121.753246753247
47 22 2387.298387096774 1308.4415584415585
47 22 2486.6935483870966 1340.909090909091
47 22 2580.2419354838707 1332.7922077922078
47 22 2685.4838709677415 1300.3246753246754
47 22 2770.262096774193 1178.5714285714287
47 22 2691.3306451612902 959.4155844155846
47 22 2629.939516129032 699.6753246753246
47 22 2551.008064516129 537.3376623376623
47 22 2492.540322580645 366.883116883117
47 22 2398.9919354838707 277.59740259740266
47 22 2287.9032258064517 180.19480519480527
47 22 2179.7379032258063 139.61038961038963
47 22 2054.032258064516 74.6753246753247
47 22 1986.7943548387095 74.6753246753247
47 22 1966.3306451612902 172.0779220779221
48 26 #
48 26 2094.9596774193546 180.19480519480527
48 26 2168.0443548387093 253.24675324675326
48 26 2252.822580645161 358.7662337662338
48 26 2358.064516129032 456.1688311688312
48 26 2451.6129032258063 618.5064935064936
48 26 2495.4637096774195 813.3116883116884
48 26 2513.0040322580644 967.5324675324675
48 26 2518.8508064516127 1137.987012987013
48 26 2545.1612903225805 1316.5584415584417
48 26 2632.8629032258063 1389.6103896103898
48 26 2761.4919354838707 1397.727272727273
48 26 2831.6532258064517 1373.3766233766235
48 26 2910.5846774193546 1259.74025974026
48 26 2913.508064516129 959.4155844155846
48 26 2808.2661290322576 740.2597402597403
48 26 2738.104838709677 577.922077922078
48 26 2665.0201612903224 439.935064935065
48 26 2603.6290322580644 366.883116883117
48 26 2539.314516129032 301.94805194805195
48 26 2457.4596774193546 245.1298701298702
48 26 2393.1451612903224 204.54545454545456
48 26 2328.8306451612902 180.19480519480527
48 26 2246.9758064516127 139.61038961038963
48 26 2188.508064516129 115.25974025974034
48 26 2089.1129032258063 115.25974025974034
48 26 2097.883064516129 196.4285714285715
49 27 #
49 27 2036.4919354838707 261.36363636363643
49 27 2118.3467741935483 358.7662337662338
49 27 2255.7459677419356 569.8051948051948
49 27 2337.6008064516127 764.6103896103896
49 27 2387.298387096774 975.6493506493507
49 27 2431.149193548387 1235.3896103896104
49 27 2431.149193548387 1438.3116883116884
49 27 2431.149193548387 1649.3506493506495
49 27 2469.1532258064517 1811.688311688312
49 27 2559.7782258064517 1868.5064935064936
49 27 2679.637096774193 1868.5064935064936
49 27 2741.0282258064517 1844.1558441558443
49 27 2770.262096774193 1779.2207792207794
49 27 2770.262096774193 1600.6493506493507
49 27 2752.7217741935483 1405.844155844156
49 27 2717.6411290322576 1170.4545454545455
49 27 2691.3306451612902 959.4155844155846
49 27 2662.0967741935483 797.077922077922
49 27 2586.0887096774195 610.3896103896104
49 27 2498.387096774193 464.2857142857144
49 27 2375.604838709677 285.7142857142857
49 27 2270.3629032258063 196.4285714285715
49 27 2185.5846774193546 147.7272727272728
49 27 2054.032258064516 123.3766233766234
49 27 1978.0241935483868 123.3766233766234
49 27 1940.0201612903224 131.49350649350657
49 27 2033.5685483870966 261.36363636363643
50 29 #
50 29 2036.4919354838707 237.01298701298703
50 29 2124.1935483870966 326.29870129870136
50 29 2214.8185483870966 407.4675324675325
50 29 2337.6008064516127 529.2207792207794
50 29 2369.758064516129 626.6233766233768
50 29 2428.2258064516127 853.896103896104
50 29 2448.689516129032 1048.7012987012988
50 29 2463.306451612903 1308.4415584415585
50 29 2463.306451612903 1568.1818181818182
50 29 2483.7701612903224 1714.2857142857144
50 29 2577.3185483870966 1754.87012987013
50 29 2752.7217741935483 1762.987012987013
50 29 2849.1935483870966 1730.5194805194808
50 29 2849.1935483870966 1616.883116883117
50 29 2805.342741935484 1292.2077922077924
50 29 2770.262096774193 1081.1688311688313
50 29 2741.0282258064517 910.7142857142858
50 29 2700.1008064516127 764.6103896103896
50 29 2667.9435483870966 610.3896103896104
50 29 2609.4758064516127 480.5194805194806
50 29 2542.2379032258063 366.883116883117
50 29 2483.7701612903224 326.29870129870136
50 29 2419.4556451612902 245.1298701298702
50 29 2349.2943548387093 180.19480519480527
50 29 2241.1290322580644 107.14285714285717
50 29 2144.657258064516 99.02597402597411
50 29 2048.185483870968 74.6753246753247
50 29 1972.1774193548385 99.02597402597411
50 29 2033.5685483870966 237.01298701298703
51 26 #
51 26 2013.1048387096773 237.01298701298703
51 26 2109.576612903226 310.0649350649351
51 26 2191.431451612903 415.5844155844157
51 26 2282.056451612903 537.3376623376623
51 26 2349.2943548387093 715.909090909091
51 26 2401.915322580645 1008.1168831168832
51 26 2431.149193548387 1259.74025974026
51 26 2448.689516129032 1495.1298701298704
51 26 2451.6129032258063 1681.8181818181822
51 26 2489.6169354838707 1868.5064935064936
51 26 2624.092741935484 1909.0909090909092
51 26 2729.3346774193546 1892.857142857143
51 26 2808.2661290322576 1754.87012987013
51 26 2758.5685483870966 1470.7792207792209
51 26 2729.3346774193546 1121.753246753247
51 26 2697.1774193548385 902.5974025974026
51 26 2662.0967741935483 764.6103896103896
51 26 2586.0887096774195 569.8051948051948
51 26 2507.157258064516 407.4675324675325
51 26 2416.532258064516 318.1818181818182
51 26 2325.907258064516 237.01298701298703
51 26 2197.2782258064517 147.7272727272728
51 26 2094.9596774193546 107.14285714285717
51 26 2018.9516129032256 107.14285714285717
51 26 1957.5604838709676 115.25974025974034
51 26 2007.2580645161288 228.89610389610397
52 25 #
52 25 2004.3346774193546 237.01298701298703
52 25 2109.576612903226 350.64935064935077
52 25 2194.354838709677 407.4675324675325
52 25 2305.4435483870966 610.3896103896104
52 25 2366.8346774193546 788.9610389610391
52 25 2398.9919354838707 1016.2337662337663
52 25 2431.149193548387 1154.2207792207794
52 25 2460.383064516129 1438.3116883116884
52 25 2466.229838709677 1746.7532467532471
52 25 2513.0040322580644 1892.857142857143
52 25 2647.479838709677 1925.3246753246756
52 25 2761.4919354838707 1925.3246753246756
52 25 2828.729838709677 1884.74025974026
52 25 2811.189516129032 1470.7792207792209
52 25 2758.5685483870966 1275.974025974026
52 25 2717.6411290322576 1097.4025974025974
52 25 2659.173387096774 870.1298701298701
52 25 2586.0887096774195 691.5584415584417
52 25 2513.0040322580644 464.2857142857144
52 25 2439.9193548387093 391.2337662337663
52 25 2343.447580645161 301.94805194805195
52 25 2235.282258064516 204.54545454545456
52 25 2130.040322580645 180.19480519480527
52 25 2051.108870967742 172.0779220779221
52 25 1998.4879032258063 220.7792207792208
53 21 #
53 21 2018.9516129032256 228.89610389610397
53 21 2130.040322580645 350.64935064935077
53 21 2217.7419354838707 456.1688311688312
53 21 2299.5967741935483 626.6233766233768
53 21 2375.604838709677 829.5454545454545
53 21 2469.1532258064517 1154.2207792207794
53 21 2472.0766129032254 1357.1428571428573
53 21 2480.8467741935483 1527.5974025974028
53 21 2521.774193548387 1576.2987012987014
53 21 2656.25 1576.2987012987014
53 21 2779.032258064516 1600.6493506493507
53 21 2802.4193548387093 1568.1818181818182
53 21 2764.415322580645 1267.857142857143
53 21 2703.0241935483873 943.1818181818182
53 21 2603.6290322580644 586.0389610389611
53 21 2498.387096774193 399.35064935064946
53 21 2416.532258064516 269.4805194805195
53 21 2279.133064516129 147.7272727272728
53 21 2194.354838709677 147.7272727272728
53 21 2045.2620967741934 131.49350649350657
53 21 2024.7983870967741 237.01298701298703
54 28 #
54 28 2042.3387096774193 310.0649350649351
54 28 2130.040322580645 375.00000000000006
54 28 2226.512096774193 488.6363636363637
54 28 2349.2943548387093 683.4415584415585
54 28 2387.298387096774 853.896103896104
54 28 2422.3790322580644 1024.3506493506495
54 28 2431.149193548387 1275.974025974026
54 28 2431.149193548387 1454.5454545454547
54 28 2434.072580645161 1616.883116883117
54 28 2434.072580645161 1722.4025974025974
54 28 2448.689516129032 1819.805194805195
54 28 2527.6209677419356 1868.5064935064936
54 28 2656.25 1925.3246753246756
54 28 2752.7217741935483 1917.2077922077926
54 28 2776.1088709677415 1836.0389610389614
54 28 2776.1088709677415 1641.2337662337666
54 28 2770.262096774193 1446.4285714285716
54 28 2720.564516129032 1186.6883116883118
54 28 2688.407258064516 1008.1168831168832
54 28 2638.7096774193546 772.7272727272727
54 28 2586.0887096774195 577.922077922078
54 28 2507.157258064516 431.8181818181819
54 28 2404.8387096774195 301.94805194805195
54 28 2287.9032258064517 212.66233766233773
54 28 2173.891129032258 139.61038961038963
54 28 2071.572580645161 139.61038961038963
54 28 1998.4879032258063 139.61038961038963
54 28 2039.415322580645 310.0649350649351
55 26 #
55 26 2024.7983870967741 237.01298701298703
55 26 2138.810483870968 342.5324675324676
55 26 2232.358870967742 472.40259740259745
55 26 2337.6008064516127 699.6753246753246
55 26 2384.375 894.4805194805197
55 26 2401.915322580645 1056.818181818182
55 26 2419.4556451612902 1219.1558441558443
55 26 2436.9959677419356 1446.4285714285716
55 26 2439.9193548387093 1657.4675324675325
55 26 2451.6129032258063 1730.5194805194808
55 26 2518.8508064516127 1771.1038961038964
55 26 2618.2459677419356 1779.2207792207794
55 26 2708.8709677419356 1771.1038961038964
55 26 2773.185483870968 1746.7532467532471
55 26 2802.4193548387093 1689.9350649350652
55 26 2787.8024193548385 1478.896103896104
55 26 2738.104838709677 1235.3896103896104
55 26 2676.7137096774195 943.1818181818182
55 26 2615.322580645161 683.4415584415585
55 26 2542.2379032258063 529.2207792207794
55 26 2434.072580645161 383.11688311688323
55 26 2311.290322580645 237.01298701298703
55 26 2182.6612903225805 204.54545454545456
55 26 2092.0362903225805 147.7272727272728
55 26 2018.9516129032256 147.7272727272728
55 26 2027.7217741935483 245.1298701298702
56 27 #
56 27 2045.2620967741934 245.1298701298702
56 27 2127.1169354838707 358.7662337662338
56 27 2200.2016129032254 431.8181818181819
56 27 2273.2862903225805 545.4545454545455
56 27 2363.9112903225805 724.0259740259742
56 27 2428.2258064516127 1048.7012987012988
56 27 2445.766129032258 1316.5584415584417
56 27 2445.766129032258 1560.0649350649353
56 27 2454.5362903225805 1779.2207792207794
56 27 2483.7701612903224 1941.558441558442
56 27 2615.322580645161 2022.7272727272727
56 27 2779.032258064516 2030.8441558441561
56 27 2855.040322580645 2022.7272727272727
56 27 2855.040322580645 1754.87012987013
56 27 2802.4193548387093 1438.3116883116884
56 27 2764.415322580645 1162.3376623376626
56 27 2717.6411290322576 829.5454545454545
56 27 2667.9435483870966 634.7402597402597
56 27 2583.165322580645 448.05194805194816
56 27 2521.774193548387 350.64935064935077
56 27 2431.149193548387 277.59740259740266
56 27 2346.3709677419356 220.7792207792208
56 27 2276.2096774193546 204.54545454545456
56 27 2211.8951612903224 180.19480519480527
56 27 2118.3467741935483 147.7272727272728
56 27 2027.7217741935483 131.49350649350657
56 27 2042.3387096774193 269.4805194805195
57 21 #
57 21 1925.4032258064515 172.0779220779221
57 21 2089.1129032258063 318.1818181818182
57 21 2282.056451612903 488.6363636363637
57 21 2375.604838709677 691.5584415584417
57 21 2419.4556451612902 951.2987012987014
57 21 2445.766129032258 1324.6753246753249
57 21 2451.6129032258063 1633.1168831168832
57 21 2489.6169354838707 1836.0389610389614
57 21 2635.7862903225805 1900.9740259740263
57 21 2761.4919354838707 1884.74025974026
57 21 2881.3508064516127 1868.5064935064936
57 21 2840.423387096774 1649.3506493506495
57 21 2755.6451612903224 1243.5064935064936
57 21 2667.9435483870966 902.5974025974026
57 21 2556.854838709677 594.1558441558443
57 21 2480.8467741935483 334.4155844155844
57 21 2352.217741935484 277.59740259740266
57 21 2176.814516129032 147.7272727272728
57 21 2059.8790322580644 139.61038961038963
57 21 1969.2540322580644 123.3766233766234
57 21 1925.4032258064515 155.84415584415586
58 22 #
58 22 1978.0241935483868 253.24675324675326
58 22 2089.1129032258063 350.64935064935077
58 22 2197.2782258064517 464.2857142857144
58 22 2273.2862903225805 610.3896103896104
58 22 2346.3709677419356 813.3116883116884
58 22 2381.4516129032254 1129.87012987013
58 22 2407.762096774193 1413.961038961039
58 22 2436.9959677419356 1584.4155844155846
58 22 2486.6935483870966 1803.5714285714287
58 22 2600.7056451612902 1884.74025974026
58 22 2790.7258064516127 1909.0909090909092
58 22 2890.1209677419356 1868.5064935064936
58 22 2840.423387096774 1503.2467532467533
58 22 2691.3306451612902 1048.7012987012988
58 22 2556.854838709677 675.3246753246754
58 22 2454.5362903225805 415.5844155844157
58 22 2337.6008064516127 293.8311688311689
58 22 2246.9758064516127 261.36363636363643
58 22 2124.1935483870966 163.96103896103904
58 22 2027.7217741935483 163.96103896103904
58 22 1983.8709677419354 163.96103896103904
58 22 1983.8709677419354 277.59740259740266
59 23 #
59 23 1983.8709677419354 253.24675324675326
59 23 2083.266129032258 318.1818181818182
59 23 2168.0443548387093 399.35064935064946
59 23 2223.5887096774195 537.3376623376623
59 23 2308.3669354838707 756.4935064935066
59 23 2343.447580645161 910.7142857142858
59 23 2358.064516129032 1016.2337662337663
59 23 2363.9112903225805 1178.5714285714287
59 23 2390.2217741935483 1405.844155844156
59 23 2390.2217741935483 1649.3506493506495
59 23 2448.689516129032 1787.3376623376623
59 23 2591.935483870968 1795.4545454545457
59 23 2682.560483870968 1795.4545454545457
59 23 2738.104838709677 1608.7662337662339
59 23 2688.407258064516 1292.2077922077924
59 23 2635.7862903225805 1032.4675324675325
59 23 2589.012096774193 707.7922077922078
59 23 2521.774193548387 553.5714285714287
59 23 2390.2217741935483 350.64935064935077
59 23 2217.7419354838707 212.66233766233773
59 23 2083.266129032258 155.84415584415586
59 23 1951.7137096774193 131.49350649350657
59 23 1980.9475806451612 261.36363636363643
60 21 #
60 21 2010.1814516129032 228.89610389610397
60 21 2141.733870967742 366.883116883117
60 21 2270.3629032258063 512.987012987013
60 21 2355.141129032258 756.4935064935066
60 21 2390.2217741935483 1008.1168831168832
60 21 2407.762096774193 1259.74025974026
60 21 2445.766129032258 1698.051948051948
60 21 2495.4637096774195 1884.74025974026
60 21 2644.5564516129034 1892.857142857143
60 21 2779.032258064516 1876.623376623377
60 21 2799.4959677419356 1779.2207792207794
60 21 2787.8024193548385 1511.3636363636365
60 21 2703.0241935483873 1040.5844155844156
60 21 2650.4032258064517 837.6623376623377
60 21 2574.3951612903224 586.0389610389611
60 21 2489.6169354838707 464.2857142857144
60 21 2322.983870967742 293.8311688311689
60 21 2211.8951612903224 228.89610389610397
60 21 2068.649193548387 147.7272727272728
60 21 1972.1774193548385 115.25974025974034
60 21 2004.3346774193546 228.89610389610397
61 23 #
61 23 1980.9475806451612 212.66233766233773
61 23 2153.4274193548385 366.883116883117
61 23 2299.5967741935483 586.0389610389611
61 23 2366.8346774193546 797.077922077922
61 23 2381.4516129032254 991.883116883117
61 23 2410.685483870968 1211.0389610389611
61 23 2419.4556451612902 1511.3636363636365
61 23 2431.149193548387 1689.9350649350652
61 23 2477.923387096774 1730.5194805194808
61 23 2586.0887096774195 1771.1038961038964
61 23 2711.7943548387093 1771.1038961038964
61 23 2802.4193548387093 1641.2337662337666
61 23 2787.8024193548385 1454.5454545454547
61 23 2711.7943548387093 1073.051948051948
61 23 2665.0201612903224 813.3116883116884
61 23 2600.7056451612902 626.6233766233768
61 23 2483.7701612903224 439.935064935065
61 23 2337.6008064516127 261.36363636363643
61 23 2200.2016129032254 172.0779220779221
61 23 2094.9596774193546 139.61038961038963
61 23 1995.5645161290322 107.14285714285717
61 23 1916.6330645161288 123.3766233766234
61 23 1980.9475806451612 204.54545454545456
62 27 #
62 27 2018.9516129032256 277.59740259740266
62 27 2083.266129032258 342.5324675324676
62 27 2200.2016129032254 529.2207792207794
62 27 2267.439516129032 659.0909090909092
62 27 2302.5201612903224 813.3116883116884
62 27 2358.064516129032 1008.1168831168832
62 27 2369.758064516129 1275.974025974026
62 27 2378.5282258064517 1543.831168831169
62 27 2381.4516129032254 1698.051948051948
62 27 2439.9193548387093 1771.1038961038964
62 27 2559.7782258064517 1779.2207792207794
62 27 2627.0161290322576 1779.2207792207794
62 27 2659.173387096774 1730.5194805194808
62 27 2662.0967741935483 1568.1818181818182
62 27 2662.0967741935483 1389.6103896103898
62 27 2641.633064516129 1251.6233766233768
62 27 2632.8629032258063 1089.2857142857144
62 27 2603.6290322580644 918.831168831169
62 27 2574.3951612903224 740.2597402597403
62 27 2553.9314516129034 610.3896103896104
62 27 2477.923387096774 431.8181818181819
62 27 2363.9112903225805 269.4805194805195
62 27 2258.6693548387093 180.19480519480527
62 27 2115.423387096774 82.79220779220782
62 27 1951.7137096774193 74.6753246753247
62 27 1899.0927419354837 115.25974025974034
62 27 2010.1814516129032 293.8311688311689
63 22 #
63 22 1951.7137096774193 253.24675324675326
63 22 2127.1169354838707 448.05194805194816
63 22 2223.5887096774195 691.5584415584417
63 22 2273.2862903225805 845.7792207792209
63 22 2334.6774193548385 1154.2207792207794
63 22 2358.064516129032 1365.2597402597403
63 22 2390.2217741935483 1616.883116883117
63 22 2436.9959677419356 1827.922077922078
63 22 2521.774193548387 1827.922077922078
63 22 2609.4758064516127 1827.922077922078
63 22 2711.7943548387093 1771.1038961038964
63 22 2694.2540322580644 1430.1948051948054
63 22 2656.25 1097.4025974025974
63 22 2577.3185483870966 821.4285714285716
63 22 2510.0806451612902 634.7402597402597
63 22 2442.842741935484 407.4675324675325
63 22 2378.5282258064517 269.4805194805195
63 22 2279.133064516129 180.19480519480527
63 22 2159.274193548387 123.3766233766234
63 22 2007.2580645161288 90.90909090909093
63 22 1931.25 90.90909090909093
63 22 1945.8669354838707 245.1298701298702
64 25 #
64 25 1975.1008064516127 253.24675324675326
64 25 2071.572580645161 375.00000000000006
64 25 2176.814516129032 496.75324675324686
64 25 2255.7459677419356 683.4415584415585
64 25 2325.907258064516 878.2467532467533
64 25 2349.2943548387093 1137.987012987013
64 25 2349.2943548387093 1381.4935064935066
64 25 2352.217741935484 1551.9480519480521
64 25 2352.217741935484 1681.8181818181822
64 25 2393.1451612903224 1771.1038961038964
64 25 2507.157258064516 1771.1038961038964
64 25 2656.25 1771.1038961038964
64 25 2723.4879032258063 1762.987012987013
64 25 2732.258064516129 1625.0000000000002
64 25 2708.8709677419356 1381.4935064935066
64 25 2676.7137096774195 1073.051948051948
64 25 2589.012096774193 715.909090909091
64 25 2501.310483870968 472.40259740259745
64 25 2442.842741935484 399.35064935064946
64 25 2381.4516129032254 326.29870129870136
64 25 2264.516129032258 261.36363636363643
64 25 2170.967741935484 180.19480519480527
64 25 2059.8790322580644 180.19480519480527
64 25 1957.5604838709676 147.7272727272728
64 25 1975.1008064516127 261.36363636363643
