1 15 #
1 15 1180.6149193548385 833.1818181818181
1 15 1263.1754032258063 1198.806818181818
1 15 1469.5766129032259 2074.090909090909
1 15 1453.0645161290322 2450.7954545454545
1 15 1543.8810483870966 3026.9318181818185
1 15 1609.9294354838707 3436.875
1 15 1692.4899193548385 3492.2727272727275
1 15 1890.635080645161 3348.2386363636365
1 15 1874.1229838709678 2938.2954545454545
1 15 1783.306451612903 2351.0795454545455
1 15 1618.1854838709678 1719.5454545454545
1 15 1576.905241935484 1198.806818181818
1 15 1510.8568548387098 921.8181818181819
1 15 1378.7600806451612 833.1818181818181
1 15 1188.8709677419354 822.1022727272726
2 14 #
2 14 1246.663306451613 1165.568181818182
2 14 1312.711693548387 1398.2386363636365
2 14 1436.5524193548385 1907.8977272727275
2 14 1436.5524193548385 2661.3068181818185
2 14 1428.296370967742 3104.4886363636365
2 14 1444.8084677419356 3403.636363636364
2 14 1527.368951612903 3525.511363636364
2 14 1601.6733870967741 3370.3977272727275
2 14 1651.2096774193546 2849.659090909091
2 14 1692.4899193548385 2362.159090909091
2 14 1684.233870967742 1797.102272727273
2 14 1651.2096774193546 1398.2386363636365
2 14 1502.6008064516127 1220.965909090909
2 14 1263.1754032258063 1121.25
3 15 #
3 15 1263.1754032258063 689.1477272727271
3 15 1387.016129032258 988.2954545454544
3 15 1395.2721774193546 1365.0
3 15 1461.3205645161288 1885.7386363636365
3 15 1395.2721774193546 2528.352272727273
3 15 1502.6008064516127 2949.375
3 15 1560.3931451612902 3536.590909090909
3 15 1684.233870967742 3835.738636363637
3 15 1775.0504032258063 3647.386363636364
3 15 1808.0745967741937 3026.9318181818185
3 15 1733.7701612903224 2373.2386363636365
3 15 1651.2096774193546 1830.340909090909
3 15 1642.953629032258 1243.125
3 15 1494.344758064516 822.1022727272726
3 15 1271.4314516129032 689.1477272727271
4 17 #
4 17 1320.967741935484 755.6249999999999
4 17 1395.2721774193546 1021.5340909090909
4 17 1411.7842741935483 1664.1477272727275
4 17 1461.3205645161288 2040.852272727273
4 17 1519.1129032258063 2916.136363636364
4 17 1395.2721774193546 3414.7159090909095
4 17 1461.3205645161288 3702.784090909091
4 17 1593.4173387096776 3747.102272727273
4 17 1799.8185483870966 3436.875
4 17 1783.306451612903 2794.261363636364
4 17 1725.5141129032259 2417.5568181818185
4 17 1692.4899193548385 2151.6477272727275
4 17 1659.4657258064517 1819.261363636364
4 17 1626.4415322580644 1453.6363636363635
4 17 1568.6491935483868 1154.4886363636365
4 17 1494.344758064516 822.1022727272726
4 17 1337.4798387096773 733.4659090909091
5 20 #
5 20 1287.9435483870968 711.3068181818181
5 20 1337.4798387096773 899.6590909090909
5 20 1378.7600806451612 1298.522727272727
5 20 1387.016129032258 1719.5454545454545
5 20 1453.0645161290322 2351.0795454545455
5 20 1444.8084677419356 2727.784090909091
5 20 1552.1370967741937 3115.568181818182
5 20 1535.625 3403.636363636364
5 20 1543.8810483870966 3669.545454545455
5 20 1601.6733870967741 3802.5
5 20 1725.5141129032259 3813.579545454546
5 20 1849.3548387096776 3636.306818181818
5 20 1874.1229838709678 3182.0454545454545
5 20 1824.5866935483868 2694.5454545454545
5 20 1758.5383064516127 2251.3636363636365
5 20 1709.0020161290322 1786.0227272727275
5 20 1634.6975806451615 1342.840909090909
5 20 1543.8810483870966 888.5795454545454
5 20 1486.0887096774195 678.0681818181819
5 20 1312.711693548387 689.1477272727271
6 16 #
6 16 1345.7358870967741 799.9431818181819
6 16 1411.7842741935483 1054.772727272727
6 16 1502.6008064516127 1797.102272727273
6 16 1486.0887096774195 2284.602272727273
6 16 1527.368951612903 2805.3409090909095
6 16 1527.368951612903 3303.9204545454545
6 16 1609.9294354838707 3647.386363636364
6 16 1742.0262096774195 3924.375
6 16 1824.5866935483868 3747.102272727273
6 16 1874.1229838709678 3215.284090909091
6 16 1890.635080645161 2761.0227272727275
6 16 1857.6108870967741 2406.477272727273
6 16 1808.0745967741937 1930.0568181818185
6 16 1700.7459677419356 1409.318181818182
6 16 1642.953629032258 988.2954545454544
6 16 1345.7358870967741 788.8636363636364
7 14 #
7 14 1353.991935483871 910.7386363636364
7 14 1428.296370967742 1243.125
7 14 1477.8326612903224 1752.784090909091
7 14 1535.625 2384.318181818182
7 14 1585.1612903225805 3038.011363636364
7 14 1576.905241935484 3558.75
7 14 1626.4415322580644 3835.738636363637
7 14 1733.7701612903224 3913.295454545455
7 14 1882.3790322580644 3647.386363636364
7 14 1890.635080645161 2960.4545454545455
7 14 1849.3548387096776 2306.761363636364
7 14 1799.8185483870966 1741.7045454545455
7 14 1659.4657258064517 1232.0454545454545
7 14 1370.5040322580644 910.7386363636364
8 15 #
8 15 1271.4314516129032 733.4659090909091
8 15 1345.7358870967741 1021.5340909090909
8 15 1428.296370967742 1431.4772727272725
8 15 1444.8084677419356 1841.4204545454545
8 15 1444.8084677419356 2218.125
8 15 1486.0887096774195 2816.4204545454545
8 15 1477.8326612903224 3326.0795454545455
8 15 1535.625 3603.068181818182
8 15 1659.4657258064517 3403.636363636364
8 15 1684.233870967742 3026.9318181818185
8 15 1667.7217741935483 2517.2727272727275
8 15 1659.4657258064517 2118.409090909091
8 15 1626.4415322580644 1786.0227272727275
8 15 1568.6491935483868 1220.965909090909
8 15 1296.1995967741934 678.0681818181819
9 23 #
9 23 1791.532258064516 147.7272727272728
9 23 1875.0 212.66233766233773
9 23 1958.467741935484 301.94805194805195
9 23 2005.6451612903227 415.5844155844157
9 23 2049.1935483870966 610.3896103896104
9 23 2092.741935483871 1040.5844155844156
9 23 2110.8870967741937 1454.5454545454547
9 23 2110.8870967741937 1868.5064935064936
9 23 2139.9193548387098 2063.3116883116886
9 23 2288.709677419355 2103.8961038961043
9 23 2346.7741935483873 2030.8441558441561
9 23 2379.435483870968 1836.0389610389614
9 23 2379.435483870968 1543.831168831169
9 23 2379.435483870968 1308.4415584415585
9 23 2379.435483870968 1121.753246753247
9 23 2350.4032258064517 772.7272727272727
9 23 2299.5967741935483 594.1558441558443
9 23 2266.935483870968 488.6363636363637
9 23 2194.3548387096776 399.35064935064946
9 23 2089.112903225807 310.0649350649351
9 23 1951.2096774193549 204.54545454545456
9 23 1820.5645161290322 90.90909090909093
9 23 1791.532258064516 131.49350649350657
10 27 #
10 27 1867.741935483871 172.0779220779221
10 27 1980.241935483871 253.24675324675326
10 27 2074.5967741935483 383.11688311688323
10 27 2165.322580645161 569.8051948051948
10 27 2194.3548387096776 845.7792207792209
10 27 2237.9032258064517 1267.857142857143
10 27 2252.4193548387098 1673.7012987012988
10 27 2263.3064516129034 2176.9480519480526
10 27 2259.677419354839 2599.0259740259744
10 27 2259.677419354839 2842.532467532468
10 27 2299.5967741935483 2891.233766233767
10 27 2401.209677419355 2899.3506493506497
10 27 2466.532258064516 2899.3506493506497
10 27 2473.790322580645 2688.311688311689
10 27 2481.048387096774 2493.506493506494
10 27 2484.677419354839 2225.649350649351
10 27 2484.677419354839 1965.9090909090912
10 27 2488.3064516129034 1746.7532467532471
10 27 2488.3064516129034 1446.4285714285716
10 27 2477.4193548387098 1170.4545454545455
10 27 2441.1290322580644 853.896103896104
10 27 2354.032258064516 561.6883116883118
10 27 2270.564516129032 456.1688311688312
10 27 2183.467741935484 318.1818181818182
10 27 2049.1935483870966 237.01298701298703
10 27 1918.5483870967741 131.49350649350657
10 27 1871.3709677419356 180.19480519480527
11 27 #
11 27 1758.8709677419356 115.25974025974034
11 27 1845.967741935484 180.19480519480527
11 27 1936.6935483870968 261.36363636363643
11 27 2038.3064516129032 431.8181818181819
11 27 2132.6612903225805 699.6753246753246
11 27 2132.6612903225805 918.831168831169
11 27 2132.6612903225805 1219.1558441558443
11 27 2132.6612903225805 1535.7142857142858
11 27 2132.6612903225805 1803.5714285714287
11 27 2132.6612903225805 2095.7792207792213
11 27 2143.548387096774 2461.0389610389616
11 27 2245.1612903225805 2566.558441558442
11 27 2364.9193548387098 2534.0909090909095
11 27 2368.548387096774 2290.584415584416
11 27 2368.548387096774 2038.961038961039
11 27 2368.548387096774 1730.5194805194808
11 27 2372.177419354839 1454.5454545454547
11 27 2375.8064516129034 1202.922077922078
11 27 2375.8064516129034 983.7662337662339
11 27 2368.548387096774 699.6753246753246
11 27 2346.7741935483873 504.8701298701299
11 27 2270.564516129032 431.8181818181819
11 27 2165.322580645161 350.64935064935077
11 27 2060.0806451612902 237.01298701298703
11 27 1962.0967741935485 196.4285714285715
11 27 1845.967741935484 115.25974025974034
11 27 1766.1290322580644 107.14285714285717
12 25 #
12 25 1791.532258064516 139.61038961038963
12 25 1871.3709677419356 220.7792207792208
12 25 1954.8387096774193 310.0649350649351
12 25 2074.5967741935483 480.5194805194806
12 25 2129.032258064516 732.1428571428571
12 25 2165.322580645161 1113.6363636363637
12 25 2176.209677419355 1527.5974025974028
12 25 2172.5806451612902 1909.0909090909092
12 25 2172.5806451612902 2176.9480519480526
12 25 2197.983870967742 2371.7532467532474
12 25 2303.2258064516127 2452.9220779220786
12 25 2390.322580645161 2444.8051948051952
12 25 2419.354838709677 2258.1168831168834
12 25 2419.354838709677 1949.6753246753249
12 25 2419.354838709677 1681.8181818181822
12 25 2419.354838709677 1300.3246753246754
12 25 2419.354838709677 1121.753246753247
12 25 2404.8387096774195 951.2987012987014
12 25 2350.4032258064517 667.2077922077922
12 25 2270.564516129032 439.935064935065
12 25 2150.8064516129034 318.1818181818182
12 25 2045.5645161290322 245.1298701298702
12 25 1936.6935483870968 172.0779220779221
12 25 1867.741935483871 147.7272727272728
12 25 1795.1612903225807 131.49350649350657
13 23 #
13 23 1849.5967741935483 123.3766233766234
13 23 1954.8387096774193 228.89610389610397
13 23 2074.5967741935483 358.7662337662338
13 23 2165.322580645161 667.2077922077922
13 23 2208.8709677419356 1048.7012987012988
13 23 2216.1290322580644 1413.961038961039
13 23 2216.1290322580644 2006.4935064935069
13 23 2216.1290322580644 2412.337662337663
13 23 2216.1290322580644 2672.0779220779227
13 23 2299.5967741935483 2785.7142857142862
13 23 2419.354838709677 2769.48051948052
13 23 2462.9032258064517 2582.7922077922085
13 23 2462.9032258064517 2225.649350649351
13 23 2466.532258064516 1982.1428571428576
13 23 2477.4193548387098 1633.1168831168832
13 23 2462.9032258064517 1284.0909090909092
13 23 2462.9032258064517 926.9480519480521
13 23 2412.0967741935483 659.0909090909092
13 23 2292.3387096774195 464.2857142857144
13 23 2172.5806451612902 326.29870129870136
13 23 2056.451612903226 220.7792207792208
13 23 1947.5806451612902 147.7272727272728
13 23 1849.5967741935483 107.14285714285717
14 26 #
14 26 1958.467741935484 220.7792207792208
14 26 2085.483870967742 350.64935064935077
14 26 2176.209677419355 561.6883116883118
14 26 2208.8709677419356 732.1428571428571
14 26 2208.8709677419356 1008.1168831168832
14 26 2223.3870967741937 1422.0779220779223
14 26 2208.8709677419356 1819.805194805195
14 26 2208.8709677419356 2160.7142857142862
14 26 2208.8709677419356 2323.0519480519483
14 26 2208.8709677419356 2582.7922077922085
14 26 2274.1935483870966 2745.1298701298706
14 26 2368.548387096774 2728.8961038961043
14 26 2415.7258064516127 2582.7922077922085
14 26 2433.8709677419356 2347.402597402598
14 26 2433.8709677419356 2079.545454545455
14 26 2433.8709677419356 1730.5194805194808
14 26 2448.3870967741937 1470.7792207792209
14 26 2448.3870967741937 1267.857142857143
14 26 2430.241935483871 1073.051948051948
14 26 2426.612903225807 870.1298701298701
14 26 2397.5806451612902 618.5064935064936
14 26 2328.6290322580644 480.5194805194806
14 26 2230.645161290323 407.4675324675325
14 26 2121.7741935483873 269.4805194805195
14 26 2002.016129032258 196.4285714285715
14 26 1954.8387096774193 228.89610389610397
15 24 #
15 24 1958.467741935484 172.0779220779221
15 24 2056.451612903226 269.4805194805195
15 24 2136.290322580645 448.05194805194816
15 24 2197.983870967742 724.0259740259742
15 24 2227.016129032258 951.2987012987014
15 24 2266.935483870968 1454.5454545454547
15 24 2266.935483870968 2103.8961038961043
15 24 2266.935483870968 2444.8051948051952
15 24 2266.935483870968 2647.7272727272734
15 24 2303.2258064516127 2769.48051948052
15 24 2433.8709677419356 2801.9480519480526
15 24 2495.564516129032 2663.9610389610393
15 24 2520.967741935484 2412.337662337663
15 24 2520.967741935484 1933.4415584415585
15 24 2531.854838709677 1706.1688311688315
15 24 2535.483870967742 1332.7922077922078
15 24 2528.2258064516127 1081.1688311688313
15 24 2484.677419354839 756.4935064935066
15 24 2433.8709677419356 586.0389610389611
15 24 2354.032258064516 439.935064935065
15 24 2266.935483870968 358.7662337662338
15 24 2139.9193548387098 301.94805194805195
15 24 2060.0806451612902 212.66233766233773
15 24 1972.983870967742 172.0779220779221
16 24 #
16 24 1972.983870967742 212.66233766233773
16 24 2110.8870967741937 342.5324675324676
16 24 2212.5 618.5064935064936
16 24 2277.822580645161 943.1818181818182
16 24 2281.451612903226 1373.3766233766235
16 24 2277.822580645161 1698.051948051948
16 24 2277.822580645161 2022.7272727272727
16 24 2274.1935483870966 2428.571428571429
16 24 2274.1935483870966 2623.3766233766237
16 24 2335.8870967741937 2785.7142857142862
16 24 2441.1290322580644 2826.298701298702
16 24 2499.1935483870966 2720.7792207792213
16 24 2499.1935483870966 2339.2857142857147
16 24 2499.1935483870966 1957.7922077922078
16 24 2506.451612903226 1657.4675324675325
16 24 2506.451612903226 1446.4285714285716
16 24 2495.564516129032 1170.4545454545455
16 24 2481.048387096774 829.5454545454545
16 24 2433.8709677419356 626.6233766233768
16 24 2357.6612903225805 480.5194805194806
16 24 2248.790322580645 310.0649350649351
16 24 2103.6290322580644 196.4285714285715
16 24 1998.3870967741937 188.31168831168833
16 24 1969.3548387096776 220.7792207792208
17 20 #
17 20 1980.241935483871 196.4285714285715
17 20 2100.0 326.29870129870136
17 20 2154.435483870968 545.4545454545455
17 20 2183.467741935484 837.6623376623377
17 20 2190.7258064516127 1381.4935064935066
17 20 2208.8709677419356 1827.922077922078
17 20 2208.8709677419356 2298.701298701299
17 20 2237.9032258064517 2590.9090909090914
17 20 2325.0 2810.0649350649355
17 20 2473.790322580645 2777.5974025974033
17 20 2473.790322580645 2290.584415584416
17 20 2477.4193548387098 1868.5064935064936
17 20 2473.790322580645 1470.7792207792209
17 20 2473.790322580645 1154.2207792207794
17 20 2459.2741935483873 837.6623376623377
17 20 2397.5806451612902 618.5064935064936
17 20 2317.741935483871 521.1038961038962
17 20 2208.8709677419356 407.4675324675325
17 20 2114.516129032258 293.8311688311689
17 20 1980.241935483871 196.4285714285715
18 23 #
18 23 1878.6290322580644 163.96103896103904
18 23 1998.3870967741937 261.36363636363643
18 23 2096.3709677419356 415.5844155844157
18 23 2110.8870967741937 561.6883116883118
18 23 2139.9193548387098 756.4935064935066
18 23 2139.9193548387098 1024.3506493506495
18 23 2139.9193548387098 1324.6753246753249
18 23 2143.548387096774 1641.2337662337666
18 23 2158.064516129032 2128.2467532467535
18 23 2190.7258064516127 2509.74025974026
18 23 2266.935483870968 2761.363636363637
18 23 2364.9193548387098 2704.545454545455
18 23 2404.8387096774195 2347.402597402598
18 23 2408.467741935484 1965.9090909090912
18 23 2433.8709677419356 1535.7142857142858
18 23 2433.8709677419356 1162.3376623376626
18 23 2433.8709677419356 951.2987012987014
18 23 2397.5806451612902 618.5064935064936
18 23 2325.0 456.1688311688312
18 23 2201.612903225807 318.1818181818182
18 23 2096.3709677419356 237.01298701298703
18 23 1987.5 180.19480519480527
18 23 1878.6290322580644 172.0779220779221
19 24 #
19 24 1689.9193548387098 219.69696969696963
19 24 1820.5645161290322 475.37878787878776
19 24 1864.1129032258063 740.530303030303
19 24 1896.774193548387 1005.681818181818
19 24 1929.4354838709678 1469.6969696969695
19 24 1983.8709677419356 2113.6363636363635
19 24 1991.1290322580646 2445.0757575757575
19 24 2002.016129032258 2852.272727272727
19 24 2002.016129032258 3098.484848484848
19 24 2027.4193548387098 3316.2878787878785
19 24 2223.3870967741937 3325.7575757575755
19 24 2383.064516129032 3306.8181818181815
19 24 2415.7258064516127 3079.545454545454
19 24 2364.9193548387098 2634.4696969696965
19 24 2364.9193548387098 2378.7878787878785
19 24 2343.145161290323 2075.7575757575755
19 24 2288.709677419355 1772.7272727272725
19 24 2266.935483870968 1422.3484848484848
19 24 2219.758064516129 1034.090909090909
19 24 2161.6935483870966 778.4090909090908
19 24 2049.1935483870966 607.9545454545453
19 24 1925.8064516129034 484.84848484848476
19 24 1820.5645161290322 342.80303030303025
19 24 1689.9193548387098 210.22727272727263
20 23 #
20 23 1726.2096774193549 172.34848484848476
20 23 1860.483870967742 390.151515151515
20 23 1940.3225806451612 607.9545454545453
20 23 1991.1290322580646 910.9848484848483
20 23 2005.6451612903227 1232.9545454545453
20 23 2009.274193548387 1611.742424242424
20 23 2020.1612903225807 2151.515151515151
20 23 2023.7903225806451 2672.3484848484845
20 23 2023.7903225806451 3041.6666666666665
20 23 2023.7903225806451 3240.5303030303025
20 23 2121.7741935483873 3325.7575757575755
20 23 2281.451612903226 3325.7575757575755
20 23 2325.0 3070.075757575757
20 23 2321.3709677419356 2643.9393939393935
20 23 2292.3387096774195 2208.333333333333
20 23 2292.3387096774195 1829.5454545454545
20 23 2281.451612903226 1393.9393939393938
20 23 2256.048387096774 977.272727272727
20 23 2201.612903225807 750.0
20 23 2081.8548387096776 522.7272727272726
20 23 1933.0645161290322 295.4545454545454
20 23 1802.4193548387098 181.81818181818176
20 23 1726.2096774193549 162.87878787878776
21 22 #
21 22 1806.0483870967741 229.16666666666663
21 22 1922.1774193548388 456.4393939393939
21 22 1991.1290322580646 759.4696969696968
21 22 2016.532258064516 1157.1969696969695
21 22 2034.6774193548388 1734.8484848484845
21 22 2027.4193548387098 2359.8484848484845
21 22 2034.6774193548388 2946.9696969696965
21 22 2034.6774193548388 3221.5909090909086
21 22 2067.3387096774195 3392.045454545454
21 22 2285.0806451612902 3392.045454545454
21 22 2379.435483870968 3335.2272727272725
21 22 2379.435483870968 3032.1969696969695
21 22 2350.4032258064517 2359.8484848484845
21 22 2350.4032258064517 2075.7575757575755
21 22 2350.4032258064517 1791.6666666666665
21 22 2335.8870967741937 1602.272727272727
21 22 2314.112903225807 1214.0151515151513
21 22 2248.790322580645 816.2878787878788
21 22 2161.6935483870966 598.4848484848485
21 22 2027.4193548387098 352.27272727272725
21 22 1893.1451612903224 238.6363636363635
21 22 1809.6774193548388 219.69696969696963
22 27 1784.2741935483873 143.93939393939388
22 27 1904.032258064516 267.0454545454545
22 27 1998.3870967741937 418.560606060606
22 27 2052.822580645161 589.0151515151515
22 27 2074.5967741935483 721.590909090909
22 27 2118.145161290323 986.742424242424
22 27 2136.290322580645 1441.2878787878785
22 27 2172.5806451612902 1867.424242424242
22 27 2161.6935483870966 2303.030303030303
22 27 2161.6935483870966 2776.515151515151
22 27 2165.322580645161 3070.075757575757
22 27 2165.322580645161 3268.9393939393935
22 27 2179.8387096774195 3420.454545454545
22 27 2354.032258064516 3448.863636363636
22 27 2441.1290322580644 3448.863636363636
22 27 2462.9032258064517 3164.772727272727
22 27 2462.9032258064517 2890.151515151515
22 27 2459.2741935483873 2426.1363636363635
22 27 2459.2741935483873 2075.7575757575755
22 27 2430.241935483871 1706.4393939393935
22 27 2401.209677419355 1384.4696969696968
22 27 2372.177419354839 1043.560606060606
22 27 2292.3387096774195 712.121212121212
22 27 2179.8387096774195 532.1969696969695
22 27 2063.709677419355 352.27272727272725
22 27 1940.3225806451612 200.75757575757575
22 27 1791.532258064516 125.0
23 25 #
23 25 1791.532258064516 219.69696969696963
23 25 1893.1451612903224 371.21212121212113
23 25 1969.3548387096776 589.0151515151515
23 25 1991.1290322580646 759.4696969696968
23 25 2038.3064516129032 1062.4999999999998
23 25 2038.3064516129032 1498.1060606060605
23 25 2041.9354838709678 1848.484848484848
23 25 2041.9354838709678 2378.7878787878785
23 25 2041.9354838709678 2823.863636363636
23 25 2041.9354838709678 3145.833333333333
23 25 2056.451612903226 3335.2272727272725
23 25 2179.8387096774195 3382.575757575757
23 25 2346.7741935483873 3382.575757575757
23 25 2426.612903225807 3268.9393939393935
23 25 2426.612903225807 2928.0303030303025
23 25 2415.7258064516127 2530.30303030303
23 25 2386.6935483870966 2179.924242424242
23 25 2375.8064516129034 1886.363636363636
23 25 2372.177419354839 1479.1666666666665
23 25 2332.258064516129 1081.4393939393938
23 25 2252.4193548387098 759.4696969696968
23 25 2132.6612903225805 541.6666666666665
23 25 1998.3870967741937 399.621212121212
23 25 1911.2903225806454 285.9848484848484
23 25 1791.532258064516 210.22727272727263
24 29 #
24 29 1798.7903225806454 181.81818181818176
24 29 1896.774193548387 333.33333333333326
24 29 1962.0967741935485 503.78787878787875
24 29 2027.4193548387098 721.590909090909
24 29 2049.1935483870966 1053.030303030303
24 29 2074.5967741935483 1384.4696969696968
24 29 2070.967741935484 1630.681818181818
24 29 2070.967741935484 1971.590909090909
24 29 2063.709677419355 2388.2575757575755
24 29 2063.709677419355 2757.575757575757
24 29 2063.709677419355 3070.075757575757
24 29 2067.3387096774195 3344.6969696969695
24 29 2154.435483870968 3382.575757575757
24 29 2285.0806451612902 3382.575757575757
24 29 2325.0 3316.2878787878785
24 29 2346.7741935483873 3107.954545454545
24 29 2346.7741935483873 2748.1060606060605
24 29 2346.7741935483873 2520.833333333333
24 29 2346.7741935483873 2274.621212121212
24 29 2350.4032258064517 2066.2878787878785
24 29 2350.4032258064517 1791.6666666666665
24 29 2350.4032258064517 1526.5151515151513
24 29 2339.516129032258 1270.8333333333333
24 29 2314.112903225807 1024.621212121212
24 29 2270.564516129032 844.6969696969695
24 29 2197.983870967742 636.3636363636363
24 29 2089.112903225807 437.4999999999999
24 29 1972.983870967742 285.9848484848484
24 29 1802.4193548387098 181.81818181818176
25 27 #
25 27 1755.241935483871 210.22727272727263
25 27 1845.967741935484 267.0454545454545
25 27 1943.9516129032259 475.37878787878776
25 27 1998.3870967741937 664.7727272727273
25 27 2045.5645161290322 977.272727272727
25 27 2049.1935483870966 1232.9545454545453
25 27 2067.3387096774195 1621.212121212121
25 27 2067.3387096774195 2075.7575757575755
25 27 2067.3387096774195 2407.1969696969695
25 27 2056.451612903226 2814.393939393939
25 27 2056.451612903226 3240.5303030303025
25 27 2125.4032258064517 3306.8181818181815
25 27 2346.7741935483873 3354.1666666666665
25 27 2383.064516129032 3174.242424242424
25 27 2379.435483870968 2785.984848484848
25 27 2375.8064516129034 2473.484848484848
25 27 2357.6612903225805 2160.984848484848
25 27 2346.7741935483873 1914.772727272727
25 27 2332.258064516129 1659.090909090909
25 27 2299.5967741935483 1337.121212121212
25 27 2266.935483870968 996.212121212121
25 27 2197.983870967742 778.4090909090908
25 27 2107.258064516129 541.6666666666665
25 27 2005.6451612903227 428.030303030303
25 27 1943.9516129032259 323.86363636363626
25 27 1878.6290322580644 238.6363636363635
25 27 1758.8709677419356 210.22727272727263
26 26 #
26 26 1831.4516129032259 229.16666666666663
26 26 1965.725806451613 437.4999999999999
26 26 2063.709677419355 806.8181818181818
26 26 2070.967741935484 1043.560606060606
26 26 2085.483870967742 1374.9999999999998
26 26 2085.483870967742 1687.5
26 26 2085.483870967742 2037.8787878787875
26 26 2085.483870967742 2369.3181818181815
26 26 2085.483870967742 2606.060606060606
26 26 2085.483870967742 2937.4999999999995
26 26 2085.483870967742 3231.0606060606056
26 26 2161.6935483870966 3325.7575757575755
26 26 2295.967741935484 3325.7575757575755
26 26 2422.983870967742 3316.2878787878785
26 26 2422.983870967742 2965.9090909090905
26 26 2415.7258064516127 2530.30303030303
26 26 2386.6935483870966 2170.454545454545
26 26 2368.548387096774 1857.954545454545
26 26 2335.8870967741937 1479.1666666666665
26 26 2321.3709677419356 1157.1969696969695
26 26 2281.451612903226 901.5151515151515
26 26 2183.467741935484 655.3030303030303
26 26 2070.967741935484 551.1363636363635
26 26 2016.532258064516 399.621212121212
26 26 1904.032258064516 219.69696969696963
26 26 1831.4516129032259 210.22727272727263
27 26 #
27 26 1791.532258064516 162.87878787878776
27 26 1882.258064516129 304.9242424242424
27 26 1969.3548387096776 503.78787878787875
27 26 2031.0483870967741 768.9393939393938
27 26 2063.709677419355 1128.7878787878785
27 26 2063.709677419355 1365.5303030303028
27 26 2063.709677419355 1772.7272727272725
27 26 2067.3387096774195 2113.6363636363635
27 26 2081.8548387096776 2539.772727272727
27 26 2078.2258064516127 2871.212121212121
27 26 2074.5967741935483 3136.363636363636
27 26 2089.112903225807 3316.2878787878785
27 26 2205.241935483871 3325.7575757575755
27 26 2343.145161290323 3325.7575757575755
27 26 2375.8064516129034 3145.833333333333
27 26 2375.8064516129034 2757.575757575757
27 26 2375.8064516129034 2454.545454545454
27 26 2361.290322580645 2094.6969696969695
27 26 2357.6612903225805 1810.6060606060605
27 26 2317.741935483871 1488.6363636363635
27 26 2310.483870967742 1128.7878787878785
27 26 2266.935483870968 844.6969696969695
27 26 2183.467741935484 617.4242424242423
27 26 2049.1935483870966 380.68181818181813
27 26 1925.8064516129034 238.6363636363635
27 26 1791.532258064516 143.93939393939388
28 22 #
28 22 1708.0645161290322 143.93939393939388
28 22 1849.5967741935483 323.86363636363626
28 22 1994.758064516129 655.3030303030303
28 22 2063.709677419355 1109.8484848484848
28 22 2063.709677419355 1554.924242424242
28 22 2063.709677419355 2227.272727272727
28 22 2063.709677419355 2833.333333333333
28 22 2063.709677419355 3174.242424242424
28 22 2129.032258064516 3287.8787878787875
28 22 2256.048387096774 3306.8181818181815
28 22 2325.0 3136.363636363636
28 22 2350.4032258064517 2823.863636363636
28 22 2354.032258064516 2378.7878787878785
28 22 2354.032258064516 1971.590909090909
28 22 2354.032258064516 1649.621212121212
28 22 2350.4032258064517 1308.712121212121
28 22 2325.0 1015.151515151515
28 22 2270.564516129032 712.121212121212
28 22 2168.951612903226 522.7272727272726
28 22 2020.1612903225807 323.86363636363626
28 22 1820.5645161290322 143.93939393939388
28 22 1704.4354838709678 125.0
29 24 #
29 24 1700.8064516129034 172.34848484848476
29 24 1806.0483870967741 371.21212121212113
29 24 1925.8064516129034 683.712121212121
29 24 1958.467741935484 1024.621212121212
29 24 1994.758064516129 1441.2878787878785
29 24 1994.758064516129 1820.0757575757575
29 24 2009.274193548387 2198.863636363636
29 24 2009.274193548387 2596.590909090909
29 24 2023.7903225806451 3051.1363636363635
29 24 2027.4193548387098 3212.121212121212
29 24 2114.516129032258 3268.9393939393935
29 24 2197.983870967742 3268.9393939393935
29 24 2245.1612903225805 3079.545454545454
29 24 2266.935483870968 2596.590909090909
29 24 2263.3064516129034 2274.621212121212
29 24 2263.3064516129034 1952.651515151515
29 24 2263.3064516129034 1630.681818181818
29 24 2256.048387096774 1299.242424242424
29 24 2216.1290322580644 920.4545454545453
29 24 2154.435483870968 702.651515151515
29 24 2031.0483870967741 532.1969696969695
29 24 1918.5483870967741 371.21212121212113
29 24 1845.967741935484 257.5757575757575
29 24 1704.4354838709678 162.87878787878776
30 25 #
30 25 1787.9032258064517 162.87878787878776
30 25 1914.9193548387098 361.74242424242414
30 25 2027.4193548387098 731.060606060606
30 25 2031.0483870967741 1005.681818181818
30 25 2049.1935483870966 1441.2878787878785
30 25 2063.709677419355 1943.181818181818
30 25 2056.451612903226 2312.4999999999995
30 25 2056.451612903226 2653.4090909090905
30 25 2056.451612903226 2937.4999999999995
30 25 2056.451612903226 3268.9393939393935
30 25 2158.064516129032 3392.045454545454
30 25 2295.967741935484 3392.045454545454
30 25 2364.9193548387098 3107.954545454545
30 25 2350.4032258064517 2520.833333333333
30 25 2339.516129032258 2094.6969696969695
30 25 2339.516129032258 1763.2575757575755
30 25 2339.516129032258 1526.5151515151513
30 25 2332.258064516129 1270.8333333333333
30 25 2306.8548387096776 1005.681818181818
30 25 2259.677419354839 863.6363636363635
30 25 2187.0967741935483 655.3030303030303
30 25 2085.483870967742 446.9696969696969
30 25 2009.274193548387 352.27272727272725
30 25 1914.9193548387098 229.16666666666663
30 25 1795.1612903225807 162.87878787878776
31 22 #
31 22 1711.6935483870968 162.87878787878776
31 22 1849.5967741935483 314.39393939393926
31 22 1969.3548387096776 503.78787878787875
31 22 2056.451612903226 778.4090909090908
31 22 2078.2258064516127 1195.0757575757575
31 22 2085.483870967742 1810.6060606060605
31 22 2085.483870967742 2416.6666666666665
31 22 2089.112903225807 3051.1363636363635
31 22 2103.6290322580644 3344.6969696969695
31 22 2259.677419354839 3363.636363636363
31 22 2339.516129032258 3136.363636363636
31 22 2339.516129032258 2606.060606060606
31 22 2332.258064516129 2151.515151515151
31 22 2328.6290322580644 1829.5454545454545
31 22 2314.112903225807 1384.4696969696968
31 22 2306.8548387096776 977.272727272727
31 22 2288.709677419355 806.8181818181818
31 22 2237.9032258064517 664.7727272727273
31 22 2107.258064516129 456.4393939393939
31 22 1994.758064516129 295.4545454545454
31 22 1904.032258064516 210.22727272727263
31 22 1711.6935483870968 172.34848484848476
32 22 #
32 22 1751.6129032258063 162.87878787878776
32 22 1922.1774193548388 418.560606060606
32 22 2049.1935483870966 816.2878787878788
32 22 2049.1935483870966 1299.242424242424
32 22 2049.1935483870966 1725.3787878787875
32 22 2049.1935483870966 2255.681818181818
32 22 2049.1935483870966 2634.4696969696965
32 22 2049.1935483870966 2946.9696969696965
32 22 2049.1935483870966 3240.5303030303025
32 22 2179.8387096774195 3316.2878787878785
32 22 2303.2258064516127 3287.8787878787875
32 22 2321.3709677419356 2672.3484848484845
32 22 2321.3709677419356 2160.984848484848
32 22 2321.3709677419356 1839.0151515151515
32 22 2317.741935483871 1431.8181818181815
32 22 2310.483870967742 1176.1363636363635
32 22 2270.564516129032 873.1060606060605
32 22 2212.5 712.121212121212
32 22 2129.032258064516 589.0151515151515
32 22 2012.9032258064517 399.621212121212
32 22 1900.4032258064517 257.5757575757575
32 22 1762.5 162.87878787878776
33 20 #
33 20 1914.9193548387098 134.46969696969688
33 20 2085.483870967742 352.27272727272725
33 20 2194.3548387096776 513.2575757575756
33 20 2277.822580645161 967.8030303030303
33 20 2306.8548387096776 1422.3484848484848
33 20 2306.8548387096776 1971.590909090909
33 20 2306.8548387096776 2615.5303030303025
33 20 2306.8548387096776 3032.1969696969695
33 20 2368.548387096774 3316.2878787878785
33 20 2546.3709677419356 3297.3484848484845
33 20 2622.5806451612902 3107.954545454545
33 20 2633.467741935484 2549.242424242424
33 20 2633.467741935484 1924.242424242424
33 20 2589.9193548387098 1488.6363636363635
33 20 2568.145161290323 1100.3787878787878
33 20 2481.048387096774 768.9393939393938
33 20 2397.5806451612902 475.37878787878776
33 20 2281.451612903226 314.39393939393926
33 20 2118.145161290323 248.1060606060605
33 20 1911.2903225806454 134.46969696969688
34 22 #
34 22 1911.2903225806454 172.34848484848476
34 22 2070.967741935484 285.9848484848484
34 22 2216.1290322580644 541.6666666666665
34 22 2266.935483870968 683.712121212121
34 22 2310.483870967742 939.3939393939393
34 22 2325.0 1611.742424242424
34 22 2343.145161290323 2482.954545454545
34 22 2343.145161290323 2776.515151515151
34 22 2346.7741935483873 3107.954545454545
34 22 2404.8387096774195 3174.242424242424
34 22 2528.2258064516127 3107.954545454545
34 22 2582.6612903225805 2975.3787878787875
34 22 2582.6612903225805 2539.772727272727
34 22 2586.290322580645 2179.924242424242
34 22 2589.9193548387098 1744.3181818181815
34 22 2593.548387096774 1327.651515151515
34 22 2579.032258064516 1071.9696969696968
34 22 2510.0806451612902 731.060606060606
34 22 2437.5 598.4848484848485
34 22 2317.741935483871 418.560606060606
34 22 2168.951612903226 248.1060606060605
34 22 1918.5483870967741 172.34848484848476
35 22 #
35 22 1907.6612903225807 153.40909090909088
35 22 2060.0806451612902 342.80303030303025
35 22 2190.7258064516127 522.7272727272726
35 22 2245.1612903225805 825.7575757575755
35 22 2256.048387096774 1100.3787878787878
35 22 2266.935483870968 1517.0454545454543
35 22 2270.564516129032 1971.590909090909
35 22 2270.564516129032 2359.8484848484845
35 22 2270.564516129032 2738.6363636363635
35 22 2270.564516129032 3117.424242424242
35 22 2306.8548387096776 3325.7575757575755
35 22 2510.0806451612902 3316.2878787878785
35 22 2560.8870967741937 3060.60606060606
35 22 2560.8870967741937 2340.9090909090905
35 22 2557.258064516129 1924.242424242424
35 22 2553.6290322580644 1450.7575757575755
35 22 2553.6290322580644 1119.3181818181818
35 22 2553.6290322580644 825.7575757575755
35 22 2433.8709677419356 560.6060606060605
35 22 2288.709677419355 390.151515151515
35 22 2129.032258064516 248.1060606060605
35 22 1907.6612903225807 153.40909090909088
36 23 #
36 23 1980.241935483871 191.28787878787875
36 23 2136.290322580645 276.5151515151515
36 23 2219.758064516129 418.560606060606
36 23 2299.5967741935483 664.7727272727273
36 23 2332.258064516129 948.8636363636363
36 23 2343.145161290323 1299.242424242424
36 23 2343.145161290323 1725.3787878787875
36 23 2343.145161290323 2132.5757575757575
36 23 2343.145161290323 2719.6969696969695
36 23 2343.145161290323 3202.651515151515
36 23 2433.8709677419356 3382.575757575757
36 23 2542.741935483871 3316.2878787878785
36 23 2593.548387096774 3022.7272727272725
36 23 2593.548387096774 2568.181818181818
36 23 2611.6935483870966 2123.1060606060605
36 23 2611.6935483870966 1763.2575757575755
36 23 2622.5806451612902 1441.2878787878785
36 23 2611.6935483870966 1119.3181818181818
36 23 2568.145161290323 873.1060606060605
36 23 2466.532258064516 607.9545454545453
36 23 2350.4032258064517 446.9696969696969
36 23 2234.2741935483873 304.9242424242424
36 23 1983.8709677419356 172.34848484848476
37 20 #
37 20 1962.0967741935485 162.87878787878776
37 20 2129.032258064516 267.0454545454545
37 20 2288.709677419355 541.6666666666665
37 20 2343.145161290323 948.8636363636363
37 20 2386.6935483870966 1659.090909090909
37 20 2383.064516129032 2113.6363636363635
37 20 2383.064516129032 2814.393939393939
37 20 2390.322580645161 3155.30303030303
37 20 2477.4193548387098 3278.4090909090905
37 20 2640.7258064516127 3259.4696969696965
37 20 2680.645161290323 2909.090909090909
37 20 2673.3870967741937 2407.1969696969695
37 20 2673.3870967741937 1857.954545454545
37 20 2655.241935483871 1431.8181818181815
37 20 2640.7258064516127 1005.681818181818
37 20 2575.4032258064517 645.8333333333333
37 20 2433.8709677419356 456.4393939393939
37 20 2285.0806451612902 323.86363636363626
37 20 2147.177419354839 210.22727272727263
37 20 1965.725806451613 172.34848484848476
38 20 #
38 20 1806.0483870967741 153.40909090909088
38 20 1936.6935483870968 314.39393939393926
38 20 2089.112903225807 645.8333333333333
38 20 2129.032258064516 1034.090909090909
38 20 2154.435483870968 1488.6363636363635
38 20 2154.435483870968 2028.4090909090905
38 20 2154.435483870968 2454.545454545454
38 20 2154.435483870968 2729.1666666666665
38 20 2158.064516129032 3136.363636363636
38 20 2227.016129032258 3268.9393939393935
38 20 2350.4032258064517 3231.0606060606056
38 20 2422.983870967742 2984.8484848484845
38 20 2426.612903225807 2501.893939393939
38 20 2426.612903225807 2000.0
38 20 2430.241935483871 1469.6969696969695
38 20 2415.7258064516127 1109.8484848484848
38 20 2325.0 664.7727272727273
38 20 2154.435483870968 428.030303030303
38 20 2016.532258064516 295.4545454545454
38 20 1809.6774193548388 172.34848484848476
39 21 #
39 21 1925.8064516129034 134.46969696969688
39 21 2034.6774193548388 248.1060606060605
39 21 2143.548387096774 380.68181818181813
39 21 2281.451612903226 750.0
39 21 2332.258064516129 1185.6060606060605
39 21 2339.516129032258 1526.5151515151513
39 21 2339.516129032258 2227.272727272727
39 21 2335.8870967741937 2823.863636363636
39 21 2325.0 3231.0606060606056
39 21 2412.0967741935483 3268.9393939393935
39 21 2568.145161290323 3268.9393939393935
39 21 2575.4032258064517 2757.575757575757
39 21 2600.8064516129034 2179.924242424242
39 21 2600.8064516129034 1630.681818181818
39 21 2604.435483870968 1242.4242424242423
39 21 2586.290322580645 882.5757575757575
39 21 2484.677419354839 645.8333333333333
39 21 2346.7741935483873 418.560606060606
39 21 2248.790322580645 295.4545454545454
39 21 2143.548387096774 238.6363636363635
39 21 1936.6935483870968 125.0
40 22 #
40 22 1860.483870967742 125.0
40 22 2020.1612903225807 219.69696969696963
40 22 2143.548387096774 390.151515151515
40 22 2230.645161290323 655.3030303030303
40 22 2285.0806451612902 1081.4393939393938
40 22 2285.0806451612902 1602.272727272727
40 22 2285.0806451612902 2274.621212121212
40 22 2285.0806451612902 2568.181818181818
40 22 2285.0806451612902 2965.9090909090905
40 22 2285.0806451612902 3287.8787878787875
40 22 2441.1290322580644 3363.636363636363
40 22 2502.822580645161 3354.1666666666665
40 22 2550.0 3013.2575757575755
40 22 2568.145161290323 2511.363636363636
40 22 2568.145161290323 1990.530303030303
40 22 2564.516129032258 1384.4696969696968
40 22 2539.112903225807 1034.090909090909
40 22 2481.048387096774 740.530303030303
40 22 2346.7741935483873 522.7272727272726
40 22 2187.0967741935483 304.9242424242424
40 22 2023.7903225806451 153.40909090909088
40 22 1864.1129032258063 125.0
41 20 #
41 20 1911.2903225806454 143.93939393939388
41 20 2129.032258064516 323.86363636363626
41 20 2263.3064516129034 570.0757575757575
41 20 2292.3387096774195 939.3939393939393
41 20 2292.3387096774195 1507.5757575757575
41 20 2292.3387096774195 2132.5757575757575
41 20 2292.3387096774195 2672.3484848484845
41 20 2292.3387096774195 3032.1969696969695
41 20 2335.8870967741937 3287.8787878787875
41 20 2524.5967741935483 3287.8787878787875
41 20 2579.032258064516 2994.3181818181815
41 20 2608.064516129032 2350.3787878787875
41 20 2608.064516129032 1962.121212121212
41 20 2618.951612903226 1517.0454545454543
41 20 2604.435483870968 1119.3181818181818
41 20 2535.483870967742 806.8181818181818
41 20 2430.241935483871 607.9545454545453
41 20 2306.8548387096776 409.090909090909
41 20 2179.8387096774195 257.5757575757575
41 20 1911.2903225806454 143.93939393939388
42 22 #
42 22 1820.5645161290322 191.28787878787875
42 22 1943.9516129032259 295.4545454545454
42 22 2020.1612903225807 437.4999999999999
42 22 2110.8870967741937 674.242424242424
42 22 2150.8064516129034 1071.9696969696968
42 22 2168.951612903226 1526.5151515151513
42 22 2183.467741935484 1990.530303030303
42 22 2183.467741935484 2340.9090909090905
42 22 2183.467741935484 2785.984848484848
42 22 2183.467741935484 3089.015151515151
42 22 2241.532258064516 3240.5303030303025
42 22 2408.467741935484 3278.4090909090905
42 22 2441.1290322580644 2861.742424242424
42 22 2444.758064516129 2303.030303030303
42 22 2444.758064516129 1829.5454545454545
42 22 2444.758064516129 1403.4090909090908
42 22 2386.6935483870966 929.9242424242423
42 22 2325.0 626.8939393939393
42 22 2234.2741935483873 503.78787878787875
42 22 2096.3709677419356 333.33333333333326
42 22 1965.725806451613 210.22727272727263
42 22 1816.9354838709678 191.28787878787875
43 23 #
43 23 1795.1612903225807 125.0
43 23 1954.8387096774193 238.6363636363635
43 23 2085.483870967742 494.31818181818176
43 23 2143.548387096774 854.1666666666665
43 23 2143.548387096774 1374.9999999999998
43 23 2168.951612903226 1696.969696969697
43 23 2168.951612903226 2236.742424242424
43 23 2168.951612903226 2511.363636363636
43 23 2161.6935483870966 2880.681818181818
43 23 2161.6935483870966 3183.712121212121
43 23 2263.3064516129034 3231.0606060606056
43 23 2364.9193548387098 3221.5909090909086
43 23 2401.209677419355 3032.1969696969695
43 23 2426.612903225807 2833.333333333333
43 23 2426.612903225807 2407.1969696969695
43 23 2426.612903225807 1867.424242424242
43 23 2426.612903225807 1403.4090909090908
43 23 2422.983870967742 986.742424242424
43 23 2354.032258064516 664.7727272727273
43 23 2194.3548387096776 437.4999999999999
43 23 2067.3387096774195 248.1060606060605
43 23 1965.725806451613 172.34848484848476
43 23 1791.532258064516 134.46969696969688
44 20 #
44 20 1806.0483870967741 191.28787878787875
44 20 1962.0967741935485 409.090909090909
44 20 2041.9354838709678 664.7727272727273
44 20 2060.0806451612902 939.3939393939393
44 20 2092.741935483871 1337.121212121212
44 20 2092.741935483871 1801.1363636363635
44 20 2096.3709677419356 2587.121212121212
44 20 2096.3709677419356 3022.7272727272725
44 20 2216.1290322580644 3155.30303030303
44 20 2354.032258064516 3079.545454545454
44 20 2372.177419354839 2577.651515151515
44 20 2401.209677419355 2009.4696969696965
44 20 2383.064516129032 1564.393939393939
44 20 2383.064516129032 1261.3636363636363
44 20 2361.290322580645 1024.621212121212
44 20 2306.8548387096776 740.530303030303
44 20 2205.241935483871 513.2575757575756
44 20 2063.709677419355 361.74242424242414
44 20 1911.2903225806454 210.22727272727263
44 20 1813.3064516129034 200.75757575757575
45 23 #
45 23 1845.967741935484 172.34848484848476
45 23 1994.758064516129 390.151515151515
45 23 2081.8548387096776 626.8939393939393
45 23 2118.145161290323 863.6363636363635
45 23 2118.145161290323 1185.6060606060605
45 23 2118.145161290323 1554.924242424242
45 23 2125.4032258064517 2094.6969696969695
45 23 2125.4032258064517 2426.1363636363635
45 23 2125.4032258064517 2880.681818181818
45 23 2125.4032258064517 3174.242424242424
45 23 2227.016129032258 3249.9999999999995
45 23 2368.548387096774 3249.9999999999995
45 23 2419.354838709677 2956.4393939393935
45 23 2419.354838709677 2558.712121212121
45 23 2433.8709677419356 2009.4696969696965
45 23 2430.241935483871 1659.090909090909
45 23 2430.241935483871 1327.651515151515
45 23 2397.5806451612902 929.9242424242423
45 23 2339.516129032258 702.651515151515
45 23 2234.2741935483873 560.6060606060605
45 23 2085.483870967742 342.80303030303025
45 23 1998.3870967741937 238.6363636363635
45 23 1853.225806451613 172.34848484848476
46 22 #
46 22 1951.2096774193549 229.16666666666663
46 22 2103.6290322580644 390.151515151515
46 22 2179.8387096774195 674.242424242424
46 22 2197.983870967742 929.9242424242423
46 22 2216.1290322580644 1232.9545454545453
46 22 2227.016129032258 1725.3787878787875
46 22 2227.016129032258 2350.3787878787875
46 22 2234.2741935483873 2738.6363636363635
46 22 2277.822580645161 2823.863636363636
46 22 2401.209677419355 2823.863636363636
46 22 2462.9032258064517 2785.984848484848
46 22 2506.451612903226 2397.7272727272725
46 22 2506.451612903226 1990.530303030303
46 22 2513.709677419355 1507.5757575757575
46 22 2513.709677419355 1195.0757575757575
46 22 2499.1935483870966 825.7575757575755
46 22 2452.016129032258 589.0151515151515
46 22 2368.548387096774 484.84848484848476
46 22 2266.935483870968 342.80303030303025
46 22 2187.0967741935483 285.9848484848484
46 22 2063.709677419355 172.34848484848476
46 22 1951.2096774193549 238.6363636363635
47 24 #
47 24 1766.1290322580644 172.34848484848476
47 24 1929.4354838709678 323.86363636363626
47 24 2023.7903225806451 579.5454545454545
47 24 2034.6774193548388 816.2878787878788
47 24 2049.1935483870966 1204.5454545454545
47 24 2049.1935483870966 1564.393939393939
47 24 2049.1935483870966 1981.060606060606
47 24 2049.1935483870966 2435.6060606060605
47 24 2049.1935483870966 2899.621212121212
47 24 2060.0806451612902 3278.4090909090905
47 24 2143.548387096774 3306.8181818181815
47 24 2266.935483870968 3306.8181818181815
47 24 2328.6290322580644 3117.424242424242
47 24 2332.258064516129 2719.6969696969695
47 24 2332.258064516129 2255.681818181818
47 24 2332.258064516129 1810.6060606060605
47 24 2332.258064516129 1479.1666666666665
47 24 2332.258064516129 1100.3787878787878
47 24 2303.2258064516127 835.2272727272725
47 24 2230.645161290323 617.4242424242423
47 24 2143.548387096774 456.4393939393939
47 24 2027.4193548387098 390.151515151515
47 24 1929.4354838709678 238.6363636363635
47 24 1755.241935483871 153.40909090909088
48 19 #
48 19 1864.1129032258063 143.93939393939388
48 19 1980.241935483871 257.5757575757575
48 19 2129.032258064516 551.1363636363635
48 19 2197.983870967742 996.212121212121
48 19 2201.612903225807 1535.9848484848483
48 19 2205.241935483871 2094.6969696969695
48 19 2205.241935483871 2596.590909090909
48 19 2212.5 3041.6666666666665
48 19 2317.741935483871 3107.954545454545
48 19 2513.709677419355 3079.545454545454
48 19 2520.967741935484 2653.4090909090905
48 19 2535.483870967742 1886.363636363636
48 19 2488.3064516129034 1412.8787878787878
48 19 2462.9032258064517 1043.560606060606
48 19 2452.016129032258 768.9393939393938
48 19 2321.3709677419356 475.37878787878776
48 19 2216.1290322580644 371.21212121212113
48 19 2103.6290322580644 285.9848484848484
48 19 1864.1129032258063 134.46969696969688
49 22 #
49 22 1791.532258064516 210.22727272727263
49 22 1969.3548387096776 437.4999999999999
49 22 2041.9354838709678 768.9393939393938
49 22 2074.5967741935483 1119.3181818181818
49 22 2074.5967741935483 1507.5757575757575
49 22 2074.5967741935483 1943.181818181818
49 22 2074.5967741935483 2426.1363636363635
49 22 2074.5967741935483 2946.9696969696965
49 22 2078.2258064516127 3268.9393939393935
49 22 2190.7258064516127 3325.7575757575755
49 22 2343.145161290323 3325.7575757575755
49 22 2422.983870967742 3231.0606060606056
49 22 2422.983870967742 2738.6363636363635
49 22 2422.983870967742 2293.560606060606
49 22 2412.0967741935483 1772.7272727272725
49 22 2408.467741935484 1517.0454545454543
49 22 2379.435483870968 1157.1969696969695
49 22 2325.0 816.2878787878788
49 22 2237.9032258064517 570.0757575757575
49 22 2092.741935483871 342.80303030303025
49 22 1980.241935483871 304.9242424242424
49 22 1795.1612903225807 191.28787878787875
50 22 #
50 22 1816.9354838709678 219.69696969696963
50 22 2005.6451612903227 418.560606060606
50 22 2118.145161290323 835.2272727272725
50 22 2139.9193548387098 1138.2575757575755
50 22 2139.9193548387098 1545.4545454545453
50 22 2143.548387096774 2350.3787878787875
50 22 2165.322580645161 2833.333333333333
50 22 2165.322580645161 3117.424242424242
50 22 2205.241935483871 3354.1666666666665
50 22 2354.032258064516 3335.2272727272725
50 22 2441.1290322580644 3240.5303030303025
50 22 2441.1290322580644 2852.272727272727
50 22 2441.1290322580644 2312.4999999999995
50 22 2437.5 2000.0
50 22 2412.0967741935483 1678.030303030303
50 22 2401.209677419355 1403.4090909090908
50 22 2368.548387096774 1100.3787878787878
50 22 2314.112903225807 844.6969696969695
50 22 2245.1612903225805 674.242424242424
50 22 2139.9193548387098 513.2575757575756
50 22 2045.5645161290322 352.27272727272725
50 22 1816.9354838709678 210.22727272727263
51 20 #
51 20 1758.8709677419356 191.28787878787875
51 20 1969.3548387096776 456.4393939393939
51 20 2085.483870967742 816.2878787878788
51 20 2107.258064516129 1242.4242424242423
51 20 2118.145161290323 1621.212121212121
51 20 2118.145161290323 2151.515151515151
51 20 2129.032258064516 2767.045454545454
51 20 2129.032258064516 3420.454545454545
51 20 2266.935483870968 3401.515151515151
51 20 2401.209677419355 3401.515151515151
51 20 2426.612903225807 3022.7272727272725
51 20 2426.612903225807 2492.424242424242
51 20 2426.612903225807 2000.0
51 20 2426.612903225807 1602.272727272727
51 20 2372.177419354839 1204.5454545454545
51 20 2310.483870967742 825.7575757575755
51 20 2245.1612903225805 636.3636363636363
51 20 2154.435483870968 437.4999999999999
51 20 2002.016129032258 257.5757575757575
51 20 1755.241935483871 162.87878787878776
52 23 #
52 23 1824.1935483870968 219.69696969696963
52 23 1900.4032258064517 342.80303030303025
52 23 2012.9032258064517 664.7727272727273
52 23 2067.3387096774195 1081.4393939393938
52 23 2136.290322580645 1791.6666666666665
52 23 2136.290322580645 2331.4393939393935
52 23 2139.9193548387098 2890.151515151515
52 23 2139.9193548387098 3183.712121212121
52 23 2165.322580645161 3259.4696969696965
52 23 2252.4193548387098 3278.4090909090905
52 23 2408.467741935484 3287.8787878787875
52 23 2448.3870967741937 3079.545454545454
52 23 2448.3870967741937 2662.8787878787875
52 23 2448.3870967741937 2350.3787878787875
52 23 2444.758064516129 1924.242424242424
52 23 2386.6935483870966 1545.4545454545453
52 23 2383.064516129032 1308.712121212121
52 23 2339.516129032258 1024.621212121212
52 23 2306.8548387096776 787.8787878787878
52 23 2245.1612903225805 570.0757575757575
52 23 2125.4032258064517 437.4999999999999
52 23 1933.0645161290322 181.81818181818176
52 23 1813.3064516129034 210.22727272727263
53 19 #
53 19 1809.6774193548388 200.75757575757575
53 19 1958.467741935484 437.4999999999999
53 19 2041.9354838709678 731.060606060606
53 19 2118.145161290323 1223.4848484848483
53 19 2136.290322580645 1791.6666666666665
53 19 2136.290322580645 2236.742424242424
53 19 2125.4032258064517 2748.1060606060605
53 19 2125.4032258064517 3231.0606060606056
53 19 2223.3870967741937 3297.3484848484845
53 19 2379.435483870968 3306.8181818181815
53 19 2419.354838709677 3107.954545454545
53 19 2430.241935483871 2729.1666666666665
53 19 2430.241935483871 2208.333333333333
53 19 2426.612903225807 1744.3181818181815
53 19 2408.467741935484 1469.6969696969695
53 19 2368.548387096774 1147.7272727272725
53 19 2270.564516129032 825.7575757575755
53 19 2089.112903225807 551.1363636363635
53 19 1806.0483870967741 200.75757575757575
54 20 #
54 20 1780.6451612903227 248.1060606060605
54 20 1947.5806451612902 437.4999999999999
54 20 2023.7903225806451 816.2878787878788
54 20 2070.967741935484 1128.7878787878785
54 20 2074.5967741935483 1469.6969696969695
54 20 2074.5967741935483 2160.984848484848
54 20 2078.2258064516127 2880.681818181818
54 20 2078.2258064516127 3202.651515151515
54 20 2165.322580645161 3316.2878787878785
54 20 2343.145161290323 3306.8181818181815
54 20 2386.6935483870966 3126.893939393939
54 20 2386.6935483870966 2606.060606060606
54 20 2404.8387096774195 2265.151515151515
54 20 2404.8387096774195 1678.030303030303
54 20 2372.177419354839 1289.772727272727
54 20 2335.8870967741937 1034.090909090909
54 20 2259.677419354839 797.3484848484848
54 20 2118.145161290323 551.1363636363635
54 20 1983.8709677419356 371.21212121212113
54 20 1784.2741935483873 229.16666666666663
55 20 #
55 20 1773.3870967741937 162.87878787878776
55 20 1914.9193548387098 361.74242424242414
55 20 2016.532258064516 731.060606060606
55 20 2060.0806451612902 1128.7878787878785
55 20 2092.741935483871 1573.863636363636
55 20 2092.741935483871 2151.515151515151
55 20 2107.258064516129 2871.212121212121
55 20 2110.8870967741937 3316.2878787878785
55 20 2230.645161290323 3335.2272727272725
55 20 2350.4032258064517 3316.2878787878785
55 20 2404.8387096774195 3136.363636363636
55 20 2401.209677419355 2340.9090909090905
55 20 2401.209677419355 1933.712121212121
55 20 2386.6935483870966 1498.1060606060605
55 20 2364.9193548387098 1119.3181818181818
55 20 2310.483870967742 787.8787878787878
55 20 2158.064516129032 484.84848484848476
55 20 1976.6129032258066 285.9848484848484
55 20 1849.5967741935483 181.81818181818176
55 20 1784.2741935483873 181.81818181818176
56 21 #
56 21 1820.5645161290322 172.34848484848476
56 21 1962.0967741935485 399.621212121212
56 21 2081.8548387096776 702.651515151515
56 21 2089.112903225807 1157.1969696969695
56 21 2107.258064516129 1517.0454545454543
56 21 2107.258064516129 2170.454545454545
56 21 2110.8870967741937 2577.651515151515
56 21 2110.8870967741937 3003.7878787878785
56 21 2125.4032258064517 3268.9393939393935
56 21 2245.1612903225805 3316.2878787878785
56 21 2404.8387096774195 3325.7575757575755
56 21 2448.3870967741937 3136.363636363636
56 21 2448.3870967741937 2606.060606060606
56 21 2448.3870967741937 2151.515151515151
56 21 2448.3870967741937 1715.9090909090905
56 21 2448.3870967741937 1365.5303030303028
56 21 2419.354838709677 1090.9090909090908
56 21 2372.177419354839 816.2878787878788
56 21 2259.677419354839 579.5454545454545
56 21 2107.258064516129 409.090909090909
56 21 1809.6774193548388 162.87878787878776
57 18 #
57 18 1740.725806451613 219.69696969696963
57 18 1954.8387096774193 522.7272727272726
57 18 1998.3870967741937 816.2878787878788
57 18 2023.7903225806451 1261.3636363636363
57 18 2045.5645161290322 1981.060606060606
57 18 2052.822580645161 2880.681818181818
57 18 2074.5967741935483 3259.4696969696965
57 18 2285.0806451612902 3325.7575757575755
57 18 2408.467741935484 3325.7575757575755
57 18 2441.1290322580644 2928.0303030303025
57 18 2441.1290322580644 2236.742424242424
57 18 2422.983870967742 1848.484848484848
57 18 2408.467741935484 1450.7575757575755
57 18 2364.9193548387098 1119.3181818181818
57 18 2274.1935483870966 787.8787878787878
57 18 2125.4032258064517 532.1969696969695
57 18 1976.6129032258066 333.33333333333326
57 18 1726.2096774193549 219.69696969696963
58 18 #
58 18 1769.758064516129 181.81818181818176
58 18 1896.774193548387 361.74242424242414
58 18 1976.6129032258066 683.712121212121
58 18 2060.0806451612902 1251.8939393939393
58 18 2085.483870967742 1905.30303030303
58 18 2100.0 2558.712121212121
58 18 2125.4032258064517 3126.893939393939
58 18 2212.5 3354.1666666666665
58 18 2412.0967741935483 3344.6969696969695
58 18 2473.790322580645 2937.4999999999995
58 18 2452.016129032258 2321.9696969696965
58 18 2448.3870967741937 1895.833333333333
58 18 2386.6935483870966 1649.621212121212
58 18 2346.7741935483873 1365.5303030303028
58 18 2270.564516129032 967.8030303030303
58 18 2143.548387096774 693.181818181818
58 18 1991.1290322580646 409.090909090909
58 18 1780.6451612903227 172.34848484848476
59 18 #
59 18 1755.241935483871 229.16666666666663
59 18 1860.483870967742 380.68181818181813
59 18 2005.6451612903227 816.2878787878788
59 18 2045.5645161290322 1270.8333333333333
59 18 2045.5645161290322 1706.4393939393935
59 18 2045.5645161290322 2388.2575757575755
59 18 2045.5645161290322 3136.363636363636
59 18 2110.8870967741937 3363.636363636363
59 18 2321.3709677419356 3363.636363636363
59 18 2390.322580645161 3089.015151515151
59 18 2390.322580645161 2378.7878787878785
59 18 2390.322580645161 2009.4696969696965
59 18 2346.7741935483873 1441.2878787878785
59 18 2288.709677419355 986.742424242424
59 18 2212.5 750.0
59 18 2150.8064516129034 494.31818181818176
59 18 1991.1290322580646 333.33333333333326
59 18 1762.5 229.16666666666663
60 22 #
60 22 1777.016129032258 153.40909090909088
60 22 1875.0 285.9848484848484
60 22 1991.1290322580646 551.1363636363635
60 22 2100.0 1100.3787878787878
60 22 2118.145161290323 1678.030303030303
60 22 2118.145161290323 2265.151515151515
60 22 2118.145161290323 2643.9393939393935
60 22 2118.145161290323 3051.1363636363635
60 22 2118.145161290323 3221.5909090909086
60 22 2143.548387096774 3373.10606060606
60 22 2343.145161290323 3373.10606060606
60 22 2357.6612903225805 2776.515151515151
60 22 2375.8064516129034 2492.424242424242
60 22 2375.8064516129034 2047.3484848484845
60 22 2375.8064516129034 1696.969696969697
60 22 2375.8064516129034 1422.3484848484848
60 22 2321.3709677419356 1128.7878787878785
60 22 2274.1935483870966 882.5757575757575
60 22 2187.0967741935483 522.7272727272726
60 22 2038.3064516129032 342.80303030303025
60 22 1896.774193548387 200.75757575757575
60 22 1784.2741935483873 162.87878787878776
61 19 #
61 19 1758.8709677419356 162.87878787878776
61 19 1867.741935483871 314.39393939393926
61 19 1991.1290322580646 589.0151515151515
61 19 2060.0806451612902 1005.681818181818
61 19 2107.258064516129 1592.80303030303
61 19 2107.258064516129 2321.9696969696965
61 19 2107.258064516129 2984.8484848484845
61 19 2107.258064516129 3240.5303030303025
61 19 2245.1612903225805 3297.3484848484845
61 19 2393.951612903226 3278.4090909090905
61 19 2393.951612903226 2785.984848484848
61 19 2393.951612903226 2198.863636363636
61 19 2393.951612903226 1659.090909090909
61 19 2361.290322580645 1299.242424242424
61 19 2317.741935483871 920.4545454545453
61 19 2230.645161290323 522.7272727272726
61 19 2056.451612903226 304.9242424242424
61 19 1867.741935483871 172.34848484848476
61 19 1766.1290322580644 172.34848484848476
62 22 #
62 22 1766.1290322580644 200.75757575757575
62 22 1871.3709677419356 352.27272727272725
62 22 1947.5806451612902 579.5454545454545
62 22 2005.6451612903227 892.0454545454545
62 22 2049.1935483870966 1356.060606060606
62 22 2049.1935483870966 1791.6666666666665
62 22 2049.1935483870966 2369.3181818181815
62 22 2049.1935483870966 2776.515151515151
62 22 2060.0806451612902 3193.181818181818
62 22 2139.9193548387098 3392.045454545454
62 22 2256.048387096774 3373.10606060606
62 22 2328.6290322580644 3145.833333333333
62 22 2335.8870967741937 2710.2272727272725
62 22 2335.8870967741937 2142.0454545454545
62 22 2335.8870967741937 1876.893939393939
62 22 2335.8870967741937 1621.212121212121
62 22 2314.112903225807 1214.0151515151513
62 22 2292.3387096774195 920.4545454545453
62 22 2212.5 636.3636363636363
62 22 2092.741935483871 446.9696969696969
62 22 1940.3225806451612 295.4545454545454
62 22 1773.3870967741937 210.22727272727263
63 20 #
63 20 1747.983870967742 219.69696969696963
63 20 1900.4032258064517 494.31818181818176
63 20 1976.6129032258066 892.0454545454545
63 20 2045.5645161290322 1337.121212121212
63 20 2060.0806451612902 2113.6363636363635
63 20 2060.0806451612902 2643.9393939393935
63 20 2060.0806451612902 3003.7878787878785
63 20 2103.6290322580644 3249.9999999999995
63 20 2237.9032258064517 3316.2878787878785
63 20 2379.435483870968 3098.484848484848
63 20 2372.177419354839 2729.1666666666665
63 20 2372.177419354839 2340.9090909090905
63 20 2361.290322580645 2075.7575757575755
63 20 2343.145161290323 1696.969696969697
63 20 2303.2258064516127 1318.181818181818
63 20 2281.451612903226 1071.9696969696968
63 20 2234.2741935483873 750.0
63 20 2121.7741935483873 541.6666666666665
63 20 1933.0645161290322 333.33333333333326
63 20 1762.5 219.69696969696963
64 21 #
64 21 1747.983870967742 191.28787878787875
64 21 1885.8870967741937 361.74242424242414
64 21 1976.6129032258066 645.8333333333333
64 21 2016.532258064516 967.8030303030303
64 21 2049.1935483870966 1308.712121212121
64 21 2070.967741935484 1848.484848484848
64 21 2074.5967741935483 2350.3787878787875
64 21 2074.5967741935483 2804.924242424242
64 21 2074.5967741935483 3136.363636363636
64 21 2139.9193548387098 3259.4696969696965
64 21 2274.1935483870966 3287.8787878787875
64 21 2357.6612903225805 3051.1363636363635
64 21 2357.6612903225805 2587.121212121212
64 21 2357.6612903225805 2066.2878787878785
64 21 2357.6612903225805 1772.7272727272725
64 21 2346.7741935483873 1488.6363636363635
64 21 2295.967741935484 1138.2575757575755
64 21 2216.1290322580644 787.8787878787878
64 21 2034.6774193548388 437.4999999999999
64 21 1907.6612903225807 285.9848484848484
64 21 1751.6129032258063 200.75757575757575
