1       -0.000002394    0.01675513372955015     2.8335707372237513
2       -0.000002213    0.016144830984632996    2.804833388060032
3       -0.000002502    0.017274251429408756    2.8676630016167626
4       -0.000002069    0.015879512024394807    2.8947190530297133
5       -0.000002511    0.017457014140278684    2.895277016592657
6       -0.000002052    0.0157732267440766      2.86990783286356
7       -0.000002491    0.01734359066031556     2.8908157222300224
8       -0.000002693    0.0179258362856084      2.8495168222285914
9       -0.000011654    0.03679490161509574     2.9177359505181344
10      -0.000003681    0.02090072227408922     2.922490235629563
11      -0.000008327    0.031159784295799943    2.913780555270246
12      -0.000008249    0.03109759501464186     2.903319712591556
13      -0.000004571    0.023208752119999336    2.9094406929316134
14      -0.000005934    0.026433969406222082    2.913888604658119
15      -0.000005225    0.024801605092223872    2.8872596091741807
16      -0.000004321    0.02262771220503009     2.8991828589800566
17      -0.000004557    0.023314211314897023    2.8376006257216355
18      -0.000007416    0.029544552523896678    2.9041047477894977
19      -0.000001990    0.015380814193490024    2.9254760001017326
20      -0.000001934    0.015217754503291443    2.9042602059079403
21      -0.000002035    0.015594924184972792    2.910294815412502
22      -0.000002001    0.015378032948572484    2.903501250943674
23      -0.000001870    0.014943771590440809    2.918502066110247
24      -0.000001961    0.015328965287547515    2.892512298708613
25      -0.000001673    0.014176701349333416    2.9038046055129345
26      -0.000001866    0.014950810988841967    2.919935969768919
27      -0.000001814    0.014765494746795527    2.8865994656823766
28      -0.000001753    0.014529139830905499    2.88024870768757
29      -0.000002140    0.016014387705496246    2.8989683082139077
30      -0.000001835    0.014839495460946144    2.901482824872996
31      -0.000001728    0.014401616398160424    2.88639217462287
32      -0.000001764    0.014563447042978631    2.8929407366908584
33      -0.000002539    0.01737553377133479     2.9101405568214513
34      -0.000003475    0.02030017730382517     2.916212055576517
35      -0.000002572    0.018952457208276572    2.9843311608300764
36      -0.000002879    0.018488268180841205    2.9016209753135325
37      -0.000004126    0.02198176822997327     2.9110762755750117
38      -0.000003432    0.020123602899501644    2.8976023855503246
39      -0.000002915    0.018587327843738368    2.8961119047705233
40      -0.000003339    0.019890575838778905    2.888830904946387
41      -0.000002971    0.018751945968022064    2.8872442740753845
42      -0.000003186    0.019422418519632115    2.8949098353120193
43      -0.000003479    0.020291967320911933    2.8820063602162804
44      -0.000004164    0.022113265982236913    2.8921069688145593
45      -0.000003187    0.019423345125004335    2.88583160699162
46      -0.000005534    0.025451817815025958    2.9257134925863717
47      -0.000004380    0.02261383892504769     2.940057949920201
48      -0.000004648    0.023324064331386767    2.9031243169632366
49      -0.000001807    0.014669479127134698    2.9270985236725506
50      -0.000002069    0.015640037258319923    2.95036983430621
51      -0.000001878    0.01491622894122805     2.9309653904792254
52      -0.000001656    0.014075363932791785    2.916962706495518
53      -0.000002114    0.01582972881949634     2.915353299407882
54      -0.000001716    0.014296947571861248    2.904730948139802
55      -0.000001896    0.015003787710822787    2.895853311394352
56      -0.000001679    0.014147096214017815    2.8945565638081576
57      -0.000001768    0.0144927293871634      2.89245350890547
58      -0.000001942    0.015107219745999644    2.891880236881052
59      -0.000002129    0.015901821371860723    2.906968162062195
60      -0.000002022    0.015473959868385158    2.919840589316194
61      -0.000002063    0.015651830117040577    2.9051692962925637
62      -0.000002100    0.01564649116562341     2.8968670305048305
63      -0.000001798    0.01464008088352108     2.9062405202789243
64      -0.000001975    0.015219326539841586    2.925546532180632
