1       0.006100084457969589    1.4409398813651888
2       0.005903083625565084    1.4196922351685664
3       0.0063470889803577575   1.4512489076804422
4       0.005923077526397592    1.4143238271411573
5       0.006484713606228349    1.4429383808363616
6       0.005864928397120764    1.414579252823096
7       0.006450271660812028    1.4253922117914313
8       0.0065890038516411      1.4240492107516756
9       0.013224343912738152    1.584445006865736
10      0.007642205128345576    1.5100502169429215
11      0.011457652857268026    1.482506961379733
12      0.011674799515805565    1.3907804522824383
13      0.008370922625007968    1.546233017463776
14      0.00960320721412482     1.5413935854687604
15      0.00896199967201307     1.5263585643240056
16      0.00818905564021549     1.5483963067307973
17      0.0083971509616703      1.560805395457283
18      0.011008814287597105    1.4326451479430695
19      0.005419780208432713    1.6428379276912999
20      0.005380259414983501    1.633497688065169
21      0.005519807074226454    1.631195108635961
22      0.005323119032016986    1.644198517805357
23      0.005299910734223107    1.6210567215052563
24      0.0054506224035084155   1.609318852333035
25      0.006340629204975775    0.08562419721672958
26      0.005317284899007285    1.605382885341738
27      0.005258458919657552    1.5980193571186385
28      0.005166267323518817    1.6028279295992862
29      0.005653931070483699    1.6457476424062072
30      0.0052375703078674915   1.636024572295857
31      0.005099233022439997    1.6266025152107795
32      0.005172496621189879    1.6110099018643111
33      0.006314245468443928    1.5310652334396693
34      0.007414731131541524    1.5054468294886236
35      0.00708349475804779     1.5001306259693046
36      0.006776191174560401    1.4755025839726357
37      0.007868919089120914    1.5544989407422114
38      0.0072494969641455275   1.5265334276369518
39      0.0068024586498239906   1.4865766089506576
40      0.0072765234777129395   1.4946386430090641
41      0.006826763380585254    1.4925996374485648
42      0.006989788811795286    1.5314971508232302
43      0.007306569529757391    1.5248728354926566
44      0.007920621443875226    1.544061120784207
45      0.0070037513125083516   1.5087305697985083
46      0.009151088077436694    1.5698755373345636
47      0.008027034206114843    1.5888131611072354
48      0.008319684010201603    1.5941064640320584
49      0.00529343214705508     1.4818587132811336
50      0.005620789373268014    1.5024308632107746
51      0.005383616728833992    1.488984998748171
52      0.005130288146370564    1.4539112286784646
53      0.005671197648627766    1.5229932081058741
55      0.005199338364937799    1.4493389692560925
54      0.0054592265448540215   1.4489618806743487
56      0.0051407995642461886   1.4667439273674092
57      0.00523326251702959     1.4548169658661971
58      0.005415317978895596    1.4862655485196656
59      0.00573333242336023     1.4841817798185708
60      0.005534816188518201    1.5256070759556066
61      0.005642055453673466    1.4917473020958627
62      0.005585710452672775    1.5154478326003376
63      0.00527652267191888     1.4805456715476306
64      0.005443178149994833    1.5083924622850353
